# 
# vegamag
# WD 1657+343 is object 158 on the list 
# 
index x_or_RA y_or_Dec niriss_f090w_magnitude niriss_f115w_magnitude niriss_f140m_magnitude niriss_f150w_magnitude niriss_f158m_magnitude niriss_f200w_magnitude niriss_f277w_magnitude niriss_f356w_magnitude niriss_f380m_magnitude niriss_f430m_magnitude niriss_f444w_magnitude niriss_f480m_magnitude
     1  254.70867200   34.30200600   16.0200  15.4582  14.9153  14.7331  14.5520  14.3798  14.3813  14.2330  14.2330  14.1590  14.1590  14.1590
     2  254.69595100   34.31485000   15.1334  14.8861  14.6145  14.5504  14.4827  14.4184  14.4009  14.3150  14.3150  14.4280  14.4280  14.4280
     3  254.72084300   34.30072000   15.5535  15.2622  14.9415  14.8620  14.7785  14.7029  14.6884  14.5230  14.5230  14.5760  14.5760  14.5760
     4  254.71705900   34.33200400   17.3785  16.9199  16.4419  16.2978  16.1510  16.0180  16.0147  15.9354  15.9304  15.9782  16.0217  16.1200
     5  254.73648200   34.31427600   15.1511  14.9318  14.6918  14.6369  14.5787  14.5210  14.5021  14.2300  14.2300  14.2160  14.2160  14.2160
     6  254.69510000   34.29679100   16.5861  16.2148  15.8111  15.7012  15.5872  15.4870  15.4785  15.3910  15.3910  15.5140  15.5140  15.5140
     7  254.72960600   34.33614400   15.2586  14.9321  14.5734  14.4808  14.3840  14.2983  14.2865  14.2451  14.2427  14.2698  14.2947  14.3528
     8  254.71334800   34.34232700   15.1923  14.6568  14.1287  13.9557  13.7828  13.6201  13.6204  13.5280  13.5280  13.5400  13.5400  13.5400
     9  254.70637500   34.28561800   17.7482  17.0863  16.4930  16.2779  16.0688  15.8656  15.8735  15.9150  15.9150  15.7360  15.7360  15.7360
    10  254.67560400   34.30772200   17.6322  17.1087  16.5876  16.4190  16.2500  16.0918  16.0915  15.9916  15.9850  16.0408  16.0916  16.2063
    11  254.67912600   34.29634300   16.7942  16.3168  15.8256  15.6742  15.5208  15.3805  15.3781  15.2180  15.2180  15.2620  15.2620  15.2620
    12  254.75398900   34.31233900   15.8827  15.3874  14.8841  14.7259  14.5663  14.4190  14.4174  14.4410  14.4410  14.5070  14.5070  14.5070
    13  254.67624000   34.29785300   16.0986  16.8619  16.4353  16.3690  16.2516  17.1599  17.9845  18.5739  18.6358  19.0558  19.1722  19.5338
    14  254.68191500   34.34041600   16.1452  16.1689  16.1657  16.1674  16.1683  16.1754  16.1762  16.1834  16.1828  16.1816  16.1786  16.1740
    15  254.66827400   34.30777600   18.8700  17.5770  16.6350  16.2648  15.9294  15.7238  15.8552  15.7542  15.7539  15.8882  15.9370  16.1356
    16  254.73925200   34.28159700   13.9459  13.6529  13.3302  13.2501  13.1660  13.0899  13.0755  13.0350  13.0350  13.0470  13.0470  13.0470
    17  254.73732000   34.35220000   17.7188  17.1640  16.6250  16.4452  16.2663  16.0966  16.0978  15.9886  15.9813  16.0405  16.0940  16.2156
    18  254.69452000   34.35532800   16.7443  16.1985  15.6646  15.4879  15.3118  15.1454  15.1461  15.0850  15.0850  15.0190  15.0190  15.0190
    19  254.74194300   34.35150100   17.3328  16.7195  16.1499  15.9503  15.7542  15.5649  15.5693  15.6190  15.6190  15.7880  15.7880  15.7880
    20  254.68704700   34.35386200   16.9461  16.5097  16.0488  15.9133  15.7747  15.6504  15.6460  15.7450  15.7450  15.7080  15.7080  15.7080
    21  254.66790800   34.28879000   16.4508  16.6073  16.6797  16.6961  16.7107  16.7786  16.8264  16.8642  16.8660  16.8822  16.8828  16.8881
    22  254.72929300   34.35861400   17.0937  16.5262  15.9802  15.7959  15.6131  15.4389  15.4408  15.1990  15.1990  15.2210  15.2210  15.2210
    23  254.65906600   34.30375500   15.2091  14.7475  14.2674  14.1221  13.9742  13.8401  13.8369  13.7520  13.7520  13.7750  13.7750  13.7750
    24  254.66925000   34.28601500   13.5291  13.0023  12.4793  12.3094  12.1393  11.9799  11.9797  11.7820  11.7820  11.6600  11.6600  11.6600
    25  254.66336100   34.33960300   17.6912  17.0310  16.4385  16.2240  16.0153  15.8125  15.8204  15.6858  15.6767  15.7456  15.8055  15.9457
    26  254.68710300   34.35860800   17.0860  16.6105  16.1205  15.9698  15.8170  15.6775  15.6750  15.5902  15.5848  15.6349  15.6804  15.7833
    27  254.65435300   34.32441400   15.4057  14.8834  14.3632  14.1951  14.0264  13.8688  13.8684  13.7440  13.7440  13.6690  13.6690  13.6690
    28  254.69790000   34.36256700   15.9743  15.6181  15.2290  15.1250  15.0169  14.9218  14.9121  15.1290  15.1290  15.1470  15.1470  15.1470
    29  254.73532400   34.26902700   17.7340  17.1722  16.6293  16.4471  16.2660  16.0938  16.0953  15.9841  15.9767  16.0366  16.0907  16.2137
    30  254.65531600   34.33320600   12.9102  12.5877  12.2331  12.1421  12.0468  11.9623  11.9501  11.8750  11.8750  11.8990  11.8990  11.8990
    31  254.77191200   34.33646400   14.7727  14.2009  13.6525  13.4668  13.2827  13.1070  13.1091  12.4120  12.4120  12.3410  12.3410  12.3410
    32  254.65682500   34.34407800   15.8300  15.6435  15.4402  15.3953  15.3476  15.2974  15.2774  15.1200  15.1200  15.1190  15.1190  15.1190
    33  254.71964400   34.37090900   15.9853  15.4498  14.9216  14.7487  14.5758  14.4131  14.4134  14.3970  14.3970  14.5040  14.5040  14.5040
    34  254.74188900   34.26347500   13.8097  13.3849  12.9333  12.8023  12.6680  12.5482  12.5430  12.4950  12.4950  12.5220  12.5220  12.5220
    35  254.64392100   34.31474700   16.6687  16.0313  15.4498  15.2424  15.0397  14.8433  14.8493  14.8590  14.8590  14.7600  14.7600  14.7600
    36  254.75490900   34.36063600   13.9450  13.5127  13.0551  12.9212  12.7840  12.6613  12.6566  12.5260  12.5260  12.5720  12.5720  12.5720
    37  254.73437500   34.36980500   15.7655  15.4829  15.1717  15.0954  15.0151  14.9418  14.9267  14.9580  14.9580  15.0800  15.0800  15.0800
    38  254.65904200   34.27771000   17.6442  16.4716  15.6075  15.2634  14.9493  14.7246  14.8227  14.6971  14.6932  14.8124  14.8664  15.0560
    39  254.71057700   34.25670300   16.2638  15.9110  15.5253  15.4226  15.3157  15.2217  15.2118  15.0980  15.0980  15.1490  15.1490  15.1490
    40  254.64695700   34.29423600   16.7799  16.4187  16.0247  15.9187  15.8087  15.7119  15.7026  15.2340  15.2340  15.3860  15.3860  15.3860
    41  254.76808900   34.27682800   16.9801  16.3484  15.7697  15.5641  15.3630  15.1682  15.1739  15.1770  15.1770  15.0070  15.0070  15.0070
    42  254.65806600   34.27610000   18.8399  17.4856  16.5020  16.1188  15.7727  15.5793  15.7291  15.6428  15.6445  15.7870  15.8329  16.0362
    43  254.78501100   34.32352600   16.1419  15.8892  15.6116  15.5457  15.4761  15.4105  15.3933  15.3610  15.3610  15.6590  15.6590  15.6590
    44  254.69988000   34.25455200   17.3093  16.6404  16.0438  15.8266  15.6156  15.4106  15.4192  15.2829  15.2737  15.3435  15.4037  15.5451
    45  254.64577400   34.28821300   17.9756  17.0858  16.3823  16.1043  15.8436  15.6059  15.6423  15.4882  15.4789  15.5679  15.6300  15.7966
    46  254.66643800   34.36319500   16.4414  15.8535  15.2967  15.1054  14.9166  14.7354  14.7383  14.6430  14.6430  14.6440  14.6440  14.6440
    47  254.68083200   34.37158200   16.9976  16.3724  15.7968  15.5934  15.3940  15.2011  15.2063  14.4950  14.4950  14.1940  14.1940  14.1940
    48  254.72944600   34.25342200   12.8084  12.4634  12.0856  11.9859  11.8821  11.7906  11.7801  11.6820  11.6820  11.7210  11.7210  11.7210
    49  254.72439300   34.37713200   17.7051  16.9197  16.2679  16.0172  15.7786  15.5507  15.5715  15.9110  15.9110  15.7230  15.7230  15.7230
    50  254.75290300   34.36868800   15.6839  15.1436  14.6127  14.4381  14.2637  14.0992  14.0997  14.0850  14.0850  14.1160  14.1160  14.1160
    51  254.78848400   34.33315200   16.4123  15.9031  15.3908  15.2274  15.0631  14.9104  14.9095  14.9950  14.9950  15.1460  15.1460  15.1460
    52  254.66891500   34.26091400   17.6380  16.7809  16.0939  15.8242  15.5703  15.3346  15.3657  15.2116  15.2020  15.2881  15.3505  15.5140
    53  254.64602700   34.27521100   16.2176  15.5244  14.9163  14.6918  14.4747  14.2638  14.2745  13.1540  13.1540  13.0080  13.0080  13.0080
    54  254.75772100   34.37238300   19.5755  17.6018  16.1345  15.6267  15.1748  15.1731  15.5483  15.6730  15.7025  15.9434  15.9550  16.2077
    55  254.70951100   34.38547400   16.3411  15.8202  15.3008  15.1331  14.9649  14.8077  14.8073  14.7060  14.7060  14.5920  14.5920  14.5920
    56  254.71464500   34.24085600   17.0917  16.7450  16.3654  16.2651  16.1606  16.0686  16.0583  16.0120  16.0094  16.0399  16.0677  16.1322
    57  254.68949600   34.38744900   15.4786  15.1499  14.7888  14.6954  14.5977  14.5114  14.4997  14.5010  14.5010  14.5900  14.5900  14.5900
    58  254.78077800   34.36549500   14.9676  14.7037  14.4133  14.3436  14.2700  14.2016  14.1851  14.2310  14.2310  14.3360  14.3360  14.3360
    59  254.62394200   34.33332100   16.2660  15.8127  15.3387  15.1966  15.0517  14.9209  14.9173  14.7300  14.7300  14.7240  14.7240  14.7240
    60  254.77231700   34.37300500   13.9956  13.7531  13.4870  13.4245  13.3585  13.2953  13.2775  13.2110  13.2110  13.2460  13.2460  13.2460
    61  254.75677500   34.38203800   17.5227  16.7833  16.1534  15.9155  15.6874  15.4669  15.4822  14.8950  14.8950  14.5120  14.5120  14.5120
    62  254.80394000   34.33040200   17.4789  16.9658  16.4511  16.2863  16.1207  15.9665  15.9657  15.8690  15.8627  15.9174  15.9671  16.0793
    63  254.80546300   34.32517800   12.7047  12.4586  12.1884  12.1247  12.0574  11.9934  11.9758  11.9190  11.9190  11.9590  11.9590  11.9590
    64  254.75251700   34.24446100   16.0785  15.9705  15.8508  15.8268  15.8011  15.7690  15.7505  15.7404  15.7391  15.7379  15.7390  15.7439
    65  254.78003700   34.36924000   15.8355  15.4345  15.0033  14.8818  14.7564  14.6456  14.6390  14.5970  14.5970  14.6200  14.6200  14.6200
    66  254.80272600   34.33848100   15.5444  15.0485  14.5448  14.3864  14.2266  14.0790  14.0775  14.0580  14.0580  14.0930  14.0930  14.0930
    67  254.70463400   34.39289800   15.6613  15.1224  14.5923  14.4181  14.2441  14.0802  14.0806  13.9950  13.9950  14.0130  14.0130  14.0130
    68  254.66291800   34.38147900   12.8270  12.5317  12.2066  12.1256  12.0406  11.9640  11.9497  11.8890  11.8890  11.9600  11.9600  11.9600
    69  254.75099600   34.38770600   16.7229  16.2013  15.6815  15.5136  15.3452  15.1877  15.1874  15.1030  15.1030  15.1650  15.1650  15.1650
    70  254.79046500   34.26770900   11.1333  10.9973  10.8488  10.8178  10.7848  10.7461  10.7263  10.6810  10.6810  10.6930  10.6930  10.6930
    71  254.61683200   34.30835800   15.7925  15.3445  14.8745  14.7345  14.5915  14.4627  14.4589  14.4410  14.4410  14.4610  14.4610  14.4610
    72  254.61607400   34.31637600   17.0925  16.5200  15.9713  15.7853  15.6010  15.4250  15.4271  14.9460  14.9460  14.7720  14.7720  14.7720
    73  254.75453200   34.24246200   15.9113  15.3544  14.8142  14.6337  14.4541  14.2836  14.2850  14.1410  14.1410  14.0830  14.0830  14.0830
    74  254.80801600   34.33135700   13.9127  13.3717  12.8405  12.6656  12.4909  12.3262  12.3268  12.1200  12.1200  11.9470  11.9470  11.9470
    75  254.77780200   34.25196500   17.1980  16.8749  16.5197  16.4285  16.3330  16.2483  16.2362  16.1955  16.1932  16.2198  16.2441  16.3011
    76  254.68441800   34.39432500   18.2101  16.9475  16.0257  15.6621  15.3320  15.1209  15.2436  14.3560  14.3560  13.9820  13.9820  13.9820
    77  254.76962100   34.38345200   16.0203  15.7371  15.4253  15.3488  15.2682  15.1948  15.1797  15.1480  15.1480  15.2480  15.2480  15.2480
    78  254.80066500   34.35178600   17.4780  17.1366  16.7612  16.6588  16.5527  16.4585  16.4517  16.4015  16.3990  16.4309  16.4599  16.5272
    79  254.73639000   34.25064500   19.2745  18.9106  18.5131  18.4017  18.2870  18.1854  18.1818  18.1251  18.1222  18.1584  18.1910  18.2665
    80  254.67929200   34.27182400   18.1421  17.3400  16.6917  16.4448  16.2093  15.9740  15.9741  15.8223  15.8102  15.8826  15.9422  16.0881
    81  254.79607600   34.35455600   18.0006  17.5629  17.1007  16.9608  16.8187  16.6927  16.6980  16.6200  16.6161  16.6648  16.7085  16.8087
    82  254.70731900   34.23896000   18.7425  17.9847  17.3492  17.1120  16.8841  16.6602  16.6656  16.5188  16.5079  16.5808  16.6420  16.7895
    83  254.71543200   34.35748400   19.0282  18.7821  18.5083  18.4431  18.3743  18.3093  18.2898  15.3570  15.3570  14.8660  14.8660  14.8660
    84  254.70042800   34.34408300   17.3443  16.2356  15.5496  15.2564  14.9915  14.6933  14.6279  14.4721  14.4511  14.4981  14.5235  14.6126
    85  254.76426000   34.30820700   17.4073  17.1176  16.7957  16.7137  16.6280  16.5501  16.5361  16.5000  16.4979  16.5199  16.5403  16.5885
    86  254.73005800   34.33803300   18.2769  17.9277  17.5445  17.4390  17.3299  17.2332  17.2275  17.1750  17.1724  17.2058  17.2360  17.3062
    87  254.78156000   34.36167200   18.5250  17.9034  17.3225  17.1209  16.9226  16.7374  16.7511  16.6270  16.6194  16.6884  16.7486  16.8889
    88  254.68724400   34.35871200   16.8291  15.9868  15.3288  15.0738  14.8322  14.5870  14.5814  15.4420  15.4420  15.4340  15.4340  15.4340
    89  254.66718900   34.31041300   19.7715  19.6526  19.5223  19.4983  19.4722  19.4400  19.4156  19.4100  19.4086  19.4054  19.4041  19.4040
    90  254.72973900   34.23260000   18.1566  17.2672  16.5998  16.3361  16.0882  15.8321  15.8186  15.6603  15.6458  15.7145  15.7683  15.9058
    91  254.79495700   34.30674400   17.7775  16.7992  16.1196  15.8418  15.5848  15.3100  15.2782  15.1178  15.1008  15.1627  15.2072  15.3296
    92  254.68211200   34.34030600   16.6141  16.3917  16.1447  16.0883  16.0284  15.9700  15.9480  15.9275  15.9259  15.9355  15.9453  15.9700
    93  254.67538900   34.30570900   18.3255  17.8866  17.4233  17.2829  17.1404  17.0140  17.0194  16.9410  16.9371  16.9860  17.0298  17.1305
    94  254.78697900   34.30725500   18.6122  18.1652  17.6954  17.5520  17.4067  17.2775  17.2838  17.2031  17.1990  17.2492  17.2941  17.3972
    95  254.64280000   34.31256700   18.5507  18.2973  18.0154  17.9475  17.8759  17.8088  17.7901  17.7630  17.7612  17.7763  17.7908  17.8259
    96  254.70620800   34.28567300   17.4415  16.4538  15.7733  15.4942  15.2364  14.9598  14.9259  14.7655  14.7482  14.8092  14.8525  14.9730
    97  254.76889300   34.27177300   21.0365  21.0607  21.0593  21.0607  21.0615  21.0683  21.0717  21.0771  21.0766  21.0763  21.0744  21.0722
    98  254.69616800   34.29998900   19.8036  19.6162  19.4095  19.3653  19.3180  19.2689  19.2443  19.2302  19.2287  19.2328  19.2379  19.2522
    99  254.71511000   34.24853300   18.3487  17.3660  16.6859  16.4076  16.1502  15.8745  15.8417  15.6813  15.6641  15.7257  15.7696  15.8911
   100  254.69944400   34.24375800   17.2608  17.0658  16.8504  16.8036  16.7536  16.7026  16.6784  16.6630  16.6615  16.6668  16.6728  16.6892
   101  254.64226900   34.31570000   19.8255  19.7229  19.6099  19.5898  19.5679  19.5396  19.5165  19.5122  19.5109  19.5068  19.5046  19.5025
   102  254.63827400   34.29866800   18.4437  17.9945  17.5230  17.3788  17.2327  17.1028  17.1092  17.0279  17.0239  17.0744  17.1195  17.2233
   103  254.67291000   34.27845400   18.9773  18.5821  18.1559  18.0322  17.9056  17.7937  17.7941  17.7283  17.7251  17.7668  17.8044  17.8908
   104  254.79880000   34.29593800   19.7205  19.4283  19.1038  19.0209  18.9342  18.8555  18.8419  18.8051  18.8030  18.8255  18.8463  18.8954
   105  254.66310500   34.29049200   21.0756  21.0998  21.0984  21.0998  21.1006  21.1074  21.1108  21.1162  21.1157  21.1154  21.1135  21.1113
   106  254.65946500   34.32895000   18.6467  17.7110  17.0363  16.7649  16.5119  16.2458  16.2233  16.0633  16.0475  16.1131  16.1624  16.2929
   107  254.63092600   34.30732900   19.8622  19.7168  19.5576  19.5264  19.4926  19.4540  19.4286  19.4203  19.4188  19.4179  19.4185  19.4229
   108  254.64915400   34.30733700   19.1208  18.7261  18.3004  18.1770  18.0506  17.9389  17.9393  17.8737  17.8704  17.9121  17.9495  18.0358
   109  254.80516500   34.30325700   17.6841  17.4555  17.2016  17.1430  17.0808  17.0208  16.9993  16.9776  16.9759  16.9866  16.9973  17.0240
   110  254.74178600   34.35143300   17.1024  16.4814  15.9009  15.6994  15.5014  15.3164  15.3301  15.6190  15.6190  15.7880  15.7880  15.7880
   111  254.69122400   34.35143100   17.4778  17.1068  16.7028  16.5886  16.4712  16.3673  16.3646  16.3058  16.3029  16.3403  16.3741  16.4521
   112  254.67283900   34.30434800   18.0812  17.3351  16.7035  16.4691  16.2433  16.0226  16.0291  15.8839  15.8733  15.9462  16.0077  16.1553
   113  254.73692400   34.35176500   17.4151  17.2353  17.0374  16.9956  16.9509  16.9038  16.8789  16.8660  16.8645  16.8676  16.8717  16.8839
   114  254.73796300   34.32233100   19.2571  18.8245  18.3663  18.2284  18.0881  17.9638  17.9685  17.8919  17.8881  17.9361  17.9790  18.0777
   115  254.62857500   34.27643500   19.5730  19.2003  18.7947  18.6799  18.5618  18.4574  18.4549  18.3957  18.3927  18.4305  18.4645  18.5431
   116  254.75374300   34.32233400   17.8963  17.6588  17.3948  17.3329  17.2674  17.2049  17.1843  17.1608  17.1590  17.1713  17.1833  17.2129
   117  254.67406700   34.32880000   18.8042  18.2484  17.7034  17.5221  17.3418  17.1770  17.1903  17.0809  17.0748  17.1385  17.1948  17.3248
   118  254.71052700   34.27466100   18.3986  17.7048  17.0919  16.8703  16.6551  16.4487  16.4595  16.3220  16.3127  16.3849  16.4468  16.5933
   119  254.73583400   34.32584500   18.4666  18.0754  17.6528  17.5307  17.4056  17.2950  17.2949  17.2303  17.2272  17.2682  17.3051  17.3902
   120  254.77692300   34.25903300   19.8634  19.6519  19.4176  19.3650  19.3092  19.2538  19.2308  19.2125  19.2109  19.2187  19.2269  19.2482
   121  254.71417400   34.26089800   21.1828  21.2069  21.2055  21.2070  21.2078  21.2146  21.2180  21.2233  21.2229  21.2226  21.2207  21.2185
   122  254.76948800   34.25874500   18.2097  17.9372  17.6341  17.5588  17.4799  17.4072  17.3909  17.3591  17.3572  17.3759  17.3934  17.4353
   123  254.68529400   34.25664000   18.2724  17.5755  16.9615  16.7391  16.5233  16.3161  16.3267  16.1886  16.1793  16.2516  16.3135  16.4601
   124  254.75587200   34.38814900   19.5558  19.3795  19.1854  19.1447  19.1012  19.0549  19.0298  19.0174  19.0159  19.0186  19.0223  19.0337
   125  254.72735700   34.31733600   18.6348  18.3394  18.0114  17.9272  17.8392  17.7596  17.7463  17.7088  17.7066  17.7297  17.7510  17.8013
   126  254.64376800   34.31486000   16.2669  15.3288  14.6539  14.3821  14.1288  13.8622  13.8392  14.8590  14.8590  14.7600  14.7600  14.7600
   127  254.68904100   34.25786600   19.6153  19.3722  19.1018  19.0378  18.9702  18.9060  18.8862  18.8613  18.8595  18.8728  18.8857  18.9172
   128  254.69395000   34.26218300   18.3274  17.9450  17.5304  17.4118  17.2900  17.1823  17.1811  17.1191  17.1160  17.1555  17.1911  17.2731
   129  254.69284500   34.26356200   18.2098  18.0081  17.7851  17.7360  17.6837  17.6309  17.6072  17.5907  17.5891  17.5954  17.6023  17.6206
   130  254.70355600   34.32081300   17.5169  16.8229  16.2100  15.9884  15.7731  15.5667  15.5775  15.8900  15.8900  15.7980  15.7980  15.7980
   131  254.65045800   34.26234900   17.9797  17.6360  17.2583  17.1549  17.0480  16.9530  16.9465  16.8957  16.8931  16.9254  16.9548  17.0230
   132  254.67148800   34.26154100   17.7765  17.4729  17.1361  17.0487  16.9575  16.8753  16.8632  16.8234  16.8212  16.8459  16.8686  16.9219
   133  254.79816500   34.30696900   17.3626  17.0743  16.7541  16.6727  16.5875  16.5101  16.4958  16.4601  16.4581  16.4798  16.4999  16.5476
   134  254.80652100   34.28752900   19.0421  18.7424  18.4098  18.3239  18.2342  18.1532  18.1406  18.1018  18.0997  18.1236  18.1456  18.1975
   135  254.68185300   34.28739100   18.7035  18.4827  18.2377  18.1818  18.1226  18.0646  18.0424  18.0223  18.0206  18.0300  18.0396  18.0637
   136  254.79815700   34.33006200   18.4123  17.5500  16.8877  16.6288  16.3844  16.1346  16.1257  15.9690  15.9552  16.0254  16.0814  16.2222
   137  254.70738900   34.38728000   17.7474  16.5845  15.8993  15.6012  15.3348  15.0283  14.9467  14.7953  14.7727  14.8119  14.8275  14.8993
   138  254.71721600   34.36459800   17.2950  17.0519  16.7815  16.7174  16.6498  16.5856  16.5658  16.5409  16.5391  16.5524  16.5653  16.5968
   139  254.73198000   34.24519700   18.9886  18.7913  18.5731  18.5255  18.4748  18.4231  18.3991  18.3833  18.3817  18.3874  18.3937  18.4107
   140  254.68260500   34.29201300   18.4987  17.7674  17.1407  16.9098  16.6869  16.4701  16.4780  16.3348  16.3246  16.3974  16.4592  16.6068
   141  254.72439800   34.29155400   21.0448  21.0690  21.0676  21.0690  21.0698  21.0766  21.0800  21.0854  21.0849  21.0846  21.0827  21.0805
   142  254.77188700   34.33648200   18.1362  18.1604  18.1590  18.1604  18.1612  18.1680  18.1714  18.1768  18.1763  18.1760  18.1741  18.1719
   143  254.78720000   34.36844700   18.5043  18.2756  18.0217  17.9630  17.9009  17.8408  17.8194  17.7976  17.7959  17.8067  17.8173  17.8440
   144  254.78595000   34.34035100   18.9820  18.6008  18.1873  18.0692  17.9478  17.8406  17.8392  17.7775  17.7745  17.8137  17.8491  17.9307
   145  254.77562100   34.33473500   21.0557  21.0799  21.0785  21.0799  21.0807  21.0875  21.0909  21.0963  21.0958  21.0955  21.0936  21.0914
   146  254.68891300   34.24868200   18.9948  18.4795  17.9600  17.7922  17.6241  17.4724  17.4840  17.3847  17.3794  17.4388  17.4916  17.6129
   147  254.75219300   34.37369500   18.3185  17.7226  17.1550  16.9611  16.7695  16.5922  16.6061  16.4874  16.4805  16.5477  16.6066  16.7434
   148  254.75175000   34.27843900   18.8105  18.6376  18.4474  18.4079  18.3654  18.3201  18.2949  18.2830  18.2815  18.2837  18.2871  18.2975
   149  254.71377400   34.37871800   18.2569  17.8459  17.4059  17.2761  17.1437  17.0265  17.0288  16.9585  16.9550  16.9994  17.0393  17.1311
   150  254.77654700   34.37728900   19.4572  19.0804  18.6710  18.5545  18.4349  18.3291  18.3271  18.2667  18.2637  18.3022  18.3369  18.4170
   151  254.76050900   34.28489100   19.3902  19.1311  18.8428  18.7727  18.6989  18.6302  18.6121  18.5836  18.5818  18.5980  18.6134  18.6505
   152  254.68411700   34.24569700   18.3496  17.9906  17.5980  17.4885  17.3757  17.2758  17.2714  17.2162  17.2134  17.2486  17.2805  17.3542
   153  254.66904800   34.28600400   12.9497  11.7275  11.0454  10.7431  10.4762  10.1615  10.0608  11.7820  11.7820  11.6600  11.6600  11.6600
   154  254.72237500   34.28183800   18.3589  17.7635  17.1961  17.0023  16.8110  16.6338  16.6477  16.5291  16.5222  16.5893  16.6483  16.7850
   155  254.67299900   34.28361100   19.0710  18.8902  18.6910  18.6489  18.6039  18.5565  18.5315  18.5185  18.5170  18.5202  18.5245  18.5370
   156  254.77759200   34.25195400   17.1963  16.2366  15.5590  15.2839  15.0286  14.7575  14.7299  14.5695  14.5531  14.6167  14.6634  14.7895
   157  254.68443500   34.23967900   17.8546  16.9831  16.3190  16.0584  15.8128  15.5608  15.5504  15.3931  15.3791  15.4488  15.5040  15.6439
   158  254.71301500   34.31467700   16.9131  17.1297  17.2132  17.2294  17.2405  17.3342  17.3925  17.4355  17.4317  17.4523  17.4513  17.4569
   159  254.66499000   34.29263100   17.9644  17.6486  17.2992  17.2070  17.1110  17.0250  17.0146  16.9715  16.9692  16.9962  17.0210  17.0788
   160  254.71332500   34.34215200   15.0104  14.3107  13.6956  13.4725  13.2561  13.0480  13.0585  13.5280  13.5280  13.5400  13.5400  13.5400
   161  254.72935600   34.25325800   12.8031  12.4703  12.1034  12.0043  11.9017  11.8102  11.8022  11.6820  11.6820  11.7210  11.7210  11.7210
   162  254.75444000   34.24233000   15.7004  15.0561  14.4644  14.2563  14.0524  13.8604  13.8736  14.1410  14.1410  14.0830  14.0830  14.0830
   163  254.75088200   34.27347400   17.6352  16.7941  16.1363  15.8815  15.6400  15.3952  15.3897  15.2345  15.2213  15.2925  15.3499  15.4929
   164  254.74260200   34.38834700   17.6157  17.3195  16.9906  16.9061  16.8178  16.7379  16.7248  16.6870  16.6848  16.7081  16.7295  16.7801
   165  254.67884500   34.26344600   18.9333  18.3782  17.8335  17.6524  17.4722  17.3077  17.3210  17.2117  17.2056  17.2693  17.3255  17.4553
   166  254.67531700   34.24890000   17.3665  16.2066  15.5214  15.2236  14.9572  14.6512  14.5705  14.4188  14.3963  14.4359  14.4521  14.5249
   167  254.74641000   34.36094900   21.0906  21.1148  21.1134  21.1149  21.1156  21.1225  21.1259  21.1312  21.1308  21.1304  21.1286  21.1263
   168  254.72353900   34.26461600   19.8942  19.6538  19.3865  19.3235  19.2569  19.1935  19.1733  19.1490  19.1473  19.1601  19.1725  19.2032
   169  254.77506500   34.33204200   19.2859  18.9422  18.5645  18.4611  18.3543  18.2593  18.2528  18.2020  18.1994  18.2317  18.2611  18.3292
   170  254.71500700   34.31913300   19.0138  18.7337  18.4222  18.3440  18.2621  18.1871  18.1718  18.1381  18.1361  18.1563  18.1751  18.2198
   171  254.71444500   34.24067600   16.8789  16.6583  16.4134  16.3576  16.2984  16.2406  16.2184  16.1983  16.1966  16.2060  16.2155  16.2396
   172  254.71857400   34.24043700   18.4739  18.2337  17.9667  17.9037  17.8372  17.7738  17.7536  17.7294  17.7277  17.7405  17.7528  17.7834
   173  254.71214200   34.23874500   19.7209  19.3946  19.0344  18.9380  18.8378  18.7485  18.7396  18.6936  18.6912  18.7203  18.7467  18.8085
   174  254.69815100   34.24562200   19.7145  19.5984  19.4712  19.4479  19.4225  19.3910  19.3668  19.3614  19.3600  19.3566  19.3552  19.3547
   175  254.68422600   34.34934300   18.5193  17.8569  17.2571  17.0440  16.8358  16.6385  16.6510  16.5189  16.5104  16.5815  16.6430  16.7875
   176  254.67127700   34.24322300   19.2356  18.8584  18.4485  18.3319  18.2121  18.1061  18.1042  18.0437  18.0407  18.0792  18.1140  18.1942
   177  254.76077800   34.33623100   18.7106  18.1311  17.5723  17.3835  17.1964  17.0242  17.0380  16.9229  16.9164  16.9822  17.0402  17.1744
   178  254.75104400   34.24133300   18.1155  17.6042  17.0874  16.9209  16.7541  16.6037  16.6151  16.5168  16.5116  16.5705  16.6229  16.7433
   179  254.72626100   34.34151600   17.9711  17.5431  17.0887  16.9524  16.8138  16.6910  16.6952  16.6200  16.6163  16.6635  16.7058  16.8030
   180  254.78495700   34.28037100   18.5849  17.8231  17.1864  16.9483  16.7197  16.4947  16.4997  16.3524  16.3414  16.4143  16.4754  16.6228
   181  254.80422100   34.34036400   17.6342  16.6329  15.9512  15.6703  15.4114  15.1321  15.0950  14.9348  14.9170  14.9768  15.0183  15.1358
   182  254.73690700   34.34898900   17.6564  16.5039  15.8184  15.5212  15.2551  14.9501  14.8717  15.7050  15.7050  15.5380  15.5380  15.5380
   183  254.80371300   34.33049000   17.3235  16.4473  15.7823  15.5209  15.2747  15.0216  15.0104  14.8528  14.8387  14.9082  14.9630  15.1023
   184  254.75029500   34.33776800   19.0560  18.6130  18.1463  18.0044  17.8605  17.7326  17.7385  17.6589  17.6549  17.7045  17.7489  17.8508
   185  254.69360200   34.24067000   19.1127  18.8929  18.6489  18.5934  18.5345  18.4769  18.4546  18.4347  18.4330  18.4422  18.4516  18.4755
   186  254.70878400   34.33608600   18.6153  18.0510  17.5008  17.3167  17.1339  16.9665  16.9800  16.8685  16.8622  16.9268  16.9837  17.1153
   187  254.68733300   34.36375000   19.8787  19.5606  19.2088  19.1156  19.0187  18.9320  18.9219  18.8782  18.8759  18.9033  18.9285  18.9871
   188  254.70865700   34.36633800   20.0166  19.8509  19.6690  19.6317  19.5917  19.5481  19.5227  19.5118  19.5104  19.5116  19.5143  19.5230
   189  254.74977200   34.26514700   18.2031  18.1116  18.0101  17.9926  17.9735  17.9478  17.9259  17.9225  17.9212  17.9166  17.9140  17.9107
   190  254.68473500   34.32974600   19.1175  18.6868  18.2301  18.0929  17.9533  17.8296  17.8341  17.7581  17.7543  17.8020  17.8447  17.9427
   191  254.78669900   34.34861100   18.3871  18.2018  17.9975  17.9539  17.9074  17.8588  17.8341  17.8204  17.8188  17.8227  17.8275  17.8412
   192  254.72844200   34.33534200   18.7939  18.4950  18.1633  18.0777  17.9884  17.9077  17.8949  17.8564  17.8543  17.8780  17.8999  17.9515
   193  254.76122300   34.37603600   19.6513  19.2730  18.8621  18.7450  18.6248  18.5185  18.5167  18.4559  18.4529  18.4916  18.5266  18.6072
   194  254.78853000   34.35068500   18.9280  18.5206  18.0836  17.9552  17.8241  17.7081  17.7101  17.6407  17.6373  17.6812  17.7205  17.8111
   195  254.63951600   34.35720600   18.0385  17.2506  16.6062  16.3623  16.1291  15.8974  15.8993  15.7490  15.7373  15.8099  15.8702  16.0168
   196  254.68081900   34.38793300   17.7325  16.8554  16.1902  15.9287  15.6823  15.4291  15.4177  15.2601  15.2459  15.3153  15.3701  15.5093
   197  254.66778700   34.37006300   18.5449  17.9446  17.3745  17.1792  16.9865  16.8078  16.8217  16.7021  16.6950  16.7626  16.8217  16.9592
   198  254.69227500   34.39470400   18.7162  18.5094  18.2803  18.2294  18.1752  18.1211  18.0977  18.0802  18.0786  18.0858  18.0933  18.1132
   199  254.63233200   34.34666100   19.6679  19.4738  19.2593  19.2128  19.1632  19.1123  19.0881  19.0729  19.0713  19.0765  19.0824  19.0985
   200  254.67057000   34.37339800   18.0023  17.6052  17.1773  17.0529  16.9256  16.8131  16.8137  16.7474  16.7441  16.7862  16.8240  16.9111
   201  254.63077200   34.34421400   18.7436  18.2050  17.6704  17.4947  17.3195  17.1602  17.1729  17.0677  17.0619  17.1240  17.1788  17.3053
   202  254.70520020   34.30172729   16.2490  16.2490  16.2490  16.2490  16.2490  16.2490  16.2490  16.2490  16.2490  15.6540  15.6540  15.6540
   203  254.69351196   34.33190155   15.4260  15.4260  15.4260  15.4260  15.4260  15.4260  15.4260  15.4260  15.4260  15.1440  15.1440  15.1440
   204  254.67445374   34.31477737   14.9570  14.9570  14.9570  14.9570  14.9570  14.9570  14.9570  14.9570  14.9570  14.8370  14.8370  14.8370
   205  254.75151062   34.30980301   16.0440  16.0440  16.0440  16.0440  16.0440  16.0440  16.0440  16.0440  16.0440  15.5180  15.5180  15.5180
   206  254.67381287   34.31750488   15.3700  15.3700  15.3700  15.3700  15.3700  15.3700  15.3700  15.3700  15.3700  15.0430  15.0430  15.0430
   207  254.72605896   34.34753799   15.6220  15.6220  15.6220  15.6220  15.6220  15.6220  15.6220  15.6220  15.6220  15.3650  15.3650  15.3650
   208  254.66792297   34.31826019   15.4470  15.4470  15.4470  15.4470  15.4470  15.4470  15.4470  15.4470  15.4470  15.1570  15.1570  15.1570
   209  254.70219421   34.27775192   16.0050  16.0050  16.0050  16.0050  16.0050  16.0050  16.0050  16.0050  16.0050  15.5670  15.5670  15.5670
   210  254.76121521   34.31214905   17.2160  17.2160  17.2160  17.2160  17.2160  17.2160  17.2160  17.2160  17.2160  15.8700  15.8700  15.8700
   211  254.68576050   34.34844589   16.0070  16.0070  16.0070  16.0070  16.0070  16.0070  16.0070  16.0070  16.0070  15.5160  15.5160  15.5160
   212  254.75485229   34.29335022   16.3550  16.3550  16.3550  16.3550  16.3550  16.3550  16.3550  16.3550  16.3550  15.2240  15.2240  15.2240
   213  254.67019653   34.34205627   15.5700  15.5700  15.5700  15.5700  15.5700  15.5700  15.5700  15.5700  15.5700  15.1400  15.1400  15.1400
   214  254.74247742   34.27442551   16.3210  16.3210  16.3210  16.3210  16.3210  16.3210  16.3210  16.3210  16.3210  15.5140  15.5140  15.5140
   215  254.66337585   34.33977890   15.2040  15.2040  15.2040  15.2040  15.2040  15.2040  15.2040  15.2040  15.2040  14.8370  14.8370  14.8370
   216  254.67100525   34.27880478   15.4010  15.4010  15.4010  15.4010  15.4010  15.4010  15.4010  15.4010  15.4010  15.2740  15.2740  15.2740
   217  254.66468811   34.28150940   15.8900  15.8900  15.8900  15.8900  15.8900  15.8900  15.8900  15.8900  15.8900  15.5640  15.5640  15.5640
   218  254.77516174   34.29817581   15.8230  15.8230  15.8230  15.8230  15.8230  15.8230  15.8230  15.8230  15.8230  15.7170  15.7170  15.7170
   219  254.66020203   34.28261948   15.3860  15.3860  15.3860  15.3860  15.3860  15.3860  15.3860  15.3860  15.3860  15.2530  15.2530  15.2530
   220  254.74789429   34.36161804   15.8010  15.8010  15.8010  15.8010  15.8010  15.8010  15.8010  15.8010  15.8010  15.1790  15.1790  15.1790
   221  254.77201843   34.34027481   15.8560  15.8560  15.8560  15.8560  15.8560  15.8560  15.8560  15.8560  15.8560  15.4210  15.4210  15.4210
   222  254.65513611   34.28546524   15.4490  15.4490  15.4490  15.4490  15.4490  15.4490  15.4490  15.4490  15.4490  15.2080  15.2080  15.2080
   223  254.64762878   34.33164215   15.8090  15.8090  15.8090  15.8090  15.8090  15.8090  15.8090  15.8090  15.8090  15.6180  15.6180  15.6180
   224  254.73934937   34.36720276   15.7070  15.7070  15.7070  15.7070  15.7070  15.7070  15.7070  15.7070  15.7070  15.6800  15.6800  15.6800
   225  254.65921021   34.27775955   14.0830  14.0830  14.0830  14.0830  14.0830  14.0830  14.0830  14.0830  14.0830  13.8630  13.8630  13.8630
   226  254.65122986   34.28457642   16.2140  16.2140  16.2140  16.2140  16.2140  16.2140  16.2140  16.2140  16.2140  15.5720  15.5720  15.5720
   227  254.65800476   34.27629089   14.9990  14.9990  14.9990  14.9990  14.9990  14.9990  14.9990  14.9990  14.9990  14.7180  14.7180  14.7180
   228  254.74745178   34.26082993   16.0300  16.0300  16.0300  16.0300  16.0300  16.0300  16.0300  16.0300  16.0300  15.7260  15.7260  15.7260
   229  254.64608765   34.28864288   15.5490  15.5490  15.5490  15.5490  15.5490  15.5490  15.5490  15.5490  15.5490  15.5740  15.5740  15.5740
   230  254.70010376   34.25445175   15.2130  15.2130  15.2130  15.2130  15.2130  15.2130  15.2130  15.2130  15.2130  15.0380  15.0380  15.0380
   231  254.77323914   34.27663803   15.4080  15.4080  15.4080  15.4080  15.4080  15.4080  15.4080  15.4080  15.4080  15.3750  15.3750  15.3750
   232  254.65841675   34.27055740   15.3760  15.3760  15.3760  15.3760  15.3760  15.3760  15.3760  15.3760  15.3760  15.2120  15.2120  15.2120
   233  254.66300964   34.26506424   15.9510  15.9510  15.9510  15.9510  15.9510  15.9510  15.9510  15.9510  15.9510  15.6900  15.6900  15.6900
   234  254.79118347   34.32012558   15.6750  15.6750  15.6750  15.6750  15.6750  15.6750  15.6750  15.6750  15.6750  15.2400  15.2400  15.2400
   235  254.66906738   34.26099396   14.7590  14.7590  14.7590  14.7590  14.7590  14.7590  14.7590  14.7590  14.7590  14.4610  14.4610  14.4610
   236  254.64207458   34.28184891   15.4480  15.4480  15.4480  15.4480  15.4480  15.4480  15.4480  15.4480  15.4480  15.0670  15.0670  15.0670
   237  254.78265381   34.27893829   16.2140  16.2140  16.2140  16.2140  16.2140  16.2140  16.2140  16.2140  16.2140  15.6600  15.6600  15.6600
   238  254.65463257   34.26645279   16.0680  16.0680  16.0680  16.0680  16.0680  16.0680  16.0680  16.0680  16.0680  15.7620  15.7620  15.7620
   239  254.79512024   34.30721664   15.9430  15.9430  15.9430  15.9430  15.9430  15.9430  15.9430  15.9430  15.9430  15.5740  15.5740  15.5740
   240  254.75793457   34.37257004   14.7080  14.7080  14.7080  14.7080  14.7080  14.7080  14.7080  14.7080  14.7080  14.3910  14.3910  14.3910
   241  254.63262939   34.33661652   16.2170  16.2170  16.2170  16.2170  16.2170  16.2170  16.2170  16.2170  16.2170  15.7350  15.7350  15.7350
   242  254.74113464   34.38096237   15.9500  15.9500  15.9500  15.9500  15.9500  15.9500  15.9500  15.9500  15.9500  15.6980  15.6980  15.6980
   243  254.79814148   34.30732346   16.0400  16.0400  16.0400  16.0400  16.0400  16.0400  16.0400  16.0400  16.0400  15.4820  15.4820  15.4820
   244  254.62609863   34.31055069   16.0470  16.0470  16.0470  16.0470  16.0470  16.0470  16.0470  16.0470  16.0470  15.5450  15.5450  15.5450
   245  254.79687500   34.28284073   15.4340  15.4340  15.4340  15.4340  15.4340  15.4340  15.4340  15.4340  15.4340  15.2630  15.2630  15.2630
   246  254.66619873   34.24815750   16.0820  16.0820  16.0820  16.0820  16.0820  16.0820  16.0820  16.0820  16.0820  15.5360  15.5360  15.5360
   247  254.80810547   34.29896545   15.8170  15.8170  15.8170  15.8170  15.8170  15.8170  15.8170  15.8170  15.8170  15.6880  15.6880  15.6880
   248  254.80479431   34.28521347   15.7840  15.7840  15.7840  15.7840  15.7840  15.7840  15.7840  15.7840  15.7840  15.6870  15.6870  15.6870
   249  254.79682922   34.27022934   15.8050  15.8050  15.8050  15.8050  15.8050  15.8050  15.8050  15.8050  15.8050  15.5860  15.5860  15.5860
   250  254.61380005   34.32503891   16.4990  16.4990  16.4990  16.4990  16.4990  16.4990  16.4990  16.4990  16.4990  15.7810  15.7810  15.7810
