# 
# vegamag
# 
# 
   index x_or_RA y_or_Dec niriss_f090w_magnitude niriss_f115w_magnitude niriss_f140m_magnitude niriss_f150w_magnitude niriss_f158m_magnitude niriss_f200w_magnitude niriss_f277w_magnitude niriss_f356w_magnitude niriss_f380m_magnitude niriss_f430m_magnitude niriss_f444w_magnitude niriss_f480m_magnitude
       1  261.01537518   60.30434093  19.09486  18.72138  18.31501  18.19985  18.08145  17.97674  17.97436  17.91490  17.91196  17.94983  17.98401  18.06291
       2  261.01703557   60.32236271  17.62322  17.41026  17.17424  17.12119  17.06482  17.00903  16.98616  16.96755  16.96591  16.97402  16.98243  17.00413
       3  260.98374605   60.31528063  18.91546  18.29807  17.71926  17.51887  17.32170  17.13776  17.15154  17.02823  17.02080  17.08952  17.14954  17.28932
       4  261.01417411   60.32988610  18.31777  17.47790  16.82043  16.56584  16.32456  16.07998  16.07471  15.91957  15.90646  15.97762  16.03512  16.17825
       5  260.94645665   60.33481392  14.92635  14.68689  14.42066  14.35797  14.29174  14.22862  14.20832  14.18430  14.18254  14.19518  14.20746  14.23777
       6  260.97452216   60.32710231  17.27079  16.44618  15.79225  15.54069  15.30165  15.06076  15.05777  14.90387  14.89119  14.96290  15.02132  15.16574
       7  260.96547079   60.32546201  18.21750  17.46128  16.82635  16.58953  16.36190  16.13841  16.14395  15.99734  15.98648  16.05942  16.12069  16.26822
       8  260.98452640   60.33528229  13.34039  13.12720  12.89091  12.83779  12.78133  12.72547  12.70262  12.68397  12.68234  12.69048  12.69892  12.72069
       9  260.96710230   60.33307960  14.88125  14.55725  14.19933  14.10378  14.00458  13.91593  13.90671  13.86137  13.85899  13.88760  13.91369  13.97459
      10  260.98703597   60.34969462  18.65281  18.42912  18.18083  18.12394  18.06363  18.00491  17.98300  17.96228  17.96061  17.97050  17.98043  18.00552
      11  260.98466239   60.34067205  13.43018  13.14788  12.83402  12.75494  12.67214  12.59646  12.58145  12.54725  12.54523  12.56583  12.58496  12.63044
      12  261.00654331   60.34537418  18.39440  17.65819  17.02982  16.79771  16.57385  16.35572  16.36322  16.21927  16.20893  16.28183  16.34351  16.49111
      13  261.00193349   60.35112937  17.43592  16.53821  15.86936  15.60418  15.35534  15.09742  15.08232  14.92367  14.90894  14.97716  15.03019  15.16662
      14  260.99897932   60.34437808  19.21911  18.65842  18.11044  17.92753  17.74581  17.57950  17.59293  17.48229  17.47611  17.54033  17.59698  17.72787
      15  260.99357648   60.34956914  17.96208  16.96772  16.28664  16.00665  15.74833  15.47036  15.43490  15.27456  15.25704  15.31747  15.35994  15.47893
      16  260.98589248   60.36000546  15.87439  15.18309  14.57124  14.35034  14.13569  13.93001  13.94097  13.80385  13.79465  13.86678  13.92868  14.07500
      17  260.96455616   60.36455421  19.70851  19.36732  18.99206  18.88968  18.78375  18.68958  18.68278  18.63261  18.63005  18.66193  18.69088  18.75812
      18  260.98469916   60.36607670  20.04336  19.87495  19.68989  19.65174  19.61081  19.56655  19.54122  19.52997  19.52848  19.53010  19.53300  19.54240
      19  260.97255289   60.37135068  18.80054  18.47766  18.12087  18.02577  17.92700  17.83871  17.82933  17.78430  17.78193  17.81033  17.83623  17.89672
      20  260.95865721   60.36639996  18.82540  18.06003  17.42226  17.18336  16.95408  16.72818  16.73274  16.58500  16.57390  16.64680  16.70781  16.85518
      21  260.94189863   60.37202906  18.92709  18.40137  17.87501  17.70365  17.53236  17.37727  17.38940  17.28740  17.28194  17.34255  17.39627  17.51999
      22  260.94430104   60.37078794  16.94051  16.33717  15.76554  15.56933  15.37582  15.19618  15.21009  15.08975  15.08264  15.15040  15.20974  15.34763
      23  260.91841682   60.35609111  19.76214  19.48578  19.17839  19.10163  19.02115  18.94726  18.93146  18.89876  18.89678  18.91625  18.93440  18.97772
      24  260.90523578   60.36846737  19.81043  19.56602  19.29420  19.22967  19.16156  19.09704  19.07729  19.05217  19.05039  19.06392  19.07696  19.10895
      25  260.94265416   60.37591244  15.45765  14.04824  13.38846  13.07930  12.81746  12.48287  12.31325  12.19912  12.16877  12.16208  12.12182  12.09164
      26  260.93828968   60.37363588  17.87609  16.83303  16.14867  15.86250  15.60079  15.31376  15.26629  15.10702  15.08806  15.14329  15.17905  15.28649
      27  260.93677108   60.37500142  17.31070  17.02765  16.71296  16.63359  16.55049  16.47458  16.45967  16.42528  16.42325  16.44400  16.46325  16.50901
      28  260.94428624   60.37675368  15.49975  14.22189  13.54445  13.23915  12.97267  12.65116  12.53130  12.39389  12.36771  12.38748  12.37928  12.40798
      29  260.95498195   60.37066895  18.87069  18.26199  17.68759  17.48977  17.29485  17.11357  17.12744  17.00596  16.99872  17.06686  17.12647  17.26511
      30  260.95646428   60.37398440  20.19277  20.03175  19.85505  19.81919  19.78064  19.73821  19.71276  19.70251  19.70104  19.70177  19.70390  19.71158
      31  261.00957242   60.38631023  18.51048  17.75359  17.11845  16.88148  16.65373  16.43007  16.43553  16.28884  16.27796  16.35090  16.41215  16.55967
      32  260.98300722   60.38653659  18.97724  18.75995  18.51898  18.46439  18.40644  18.34947  18.32697  18.30753  18.30588  18.31470  18.32371  18.34676
      33  260.98734589   60.39273845  18.23587  17.96667  17.66716  17.59318  17.51550  17.44375  17.42701  17.39609  17.39416  17.41227  17.42926  17.46998
      34  260.93202331   60.39368459  19.26906  18.56646  17.95021  17.72640  17.50934  17.30047  17.31068  17.17172  17.16224  17.23466  17.29660  17.44343
      35  260.92241894   60.38263369  17.27084  17.02608  16.75385  16.68919  16.62094  16.55632  16.53661  16.51141  16.50963  16.52322  16.53632  16.56843
      36  260.93384650   60.38719825  19.37986  18.91404  18.42970  18.27940  18.12754  17.99214  18.00014  17.91416  17.90982  17.96277  18.01004  18.11859
      37  260.92318260   60.39990181  18.84547  17.80138  17.11697  16.83068  16.56891  16.28169  16.23395  16.07472  16.05573  16.11084  16.14645  16.25363
      38  260.98847078   60.41672063  18.13199  17.54109  16.97606  16.78365  16.59347  16.41767  16.43157  16.31396  16.30713  16.37395  16.43261  16.56865
      39  260.97327596   60.40969973  19.11664  18.54040  17.98346  17.79560  17.60946  17.43824  17.45200  17.33771  17.33120  17.39682  17.45456  17.58822
      40  260.99366656   60.40888964  15.66106  15.29204  14.88985  14.77645  14.65976  14.55652  14.55354  14.49538  14.49250  14.52956  14.56302  14.64034
      41  260.98703396   60.41928243  18.82170  18.42914  18.00533  17.88270  17.75710  17.64608  17.64617  17.58117  17.57797  17.61924  17.65638  17.74191
      42  260.97432800   60.41254023  16.56485  16.34362  16.09813  16.04213  15.98272  15.92467  15.90253  15.88231  15.88064  15.89012  15.89970  15.92400
      43  260.97126385   60.42119498  17.56154  17.00530  16.45996  16.27849  16.09806  15.93317  15.94649  15.83692  15.83083  15.89462  15.95093  16.08098
      44  261.31597154   60.27879994  17.84997  16.95805  16.29020  16.02603  15.77788  15.52125  15.50722  15.34883  15.33427  15.40285  15.45639  15.59362
      45  261.16824418   60.27229126  18.36975  18.09376  17.78678  17.71017  17.62984  17.55607  17.54021  17.50761  17.50563  17.52503  17.54312  17.58630
      46  261.16554703   60.27221769  17.70637  17.27528  16.81835  16.68095  16.54123  16.41738  16.42198  16.34583  16.34207  16.38977  16.43251  16.53070
      47  261.14585735   60.27216412  17.03528  16.74080  16.41379  16.32994  16.24235  16.16295  16.14959  16.11225  16.11013  16.13307  16.15422  16.20418
      48  261.16422395   60.28522520  17.71259  16.30318  15.64340  15.33424  15.07240  14.73781  14.56819  14.45406  14.42371  14.41702  14.37676  14.34658
      49  261.16981593   60.28364854  19.34415  19.10691  18.84320  18.78135  18.71596  18.65347  18.63293  18.60938  18.60764  18.61989  18.63183  18.66139
      50  261.16157587   60.27414031  14.29458  13.53120  12.89404  12.65558  12.42666  12.20128  12.20606  12.05856  12.04751  12.12042  12.18149  12.32890
      51  261.21737083   60.26504357  19.11094  18.77967  18.41435  18.31591  18.21386  18.12288  18.11469  18.06732  18.06486  18.09486  18.12217  18.18575
      52  261.21017223   60.26655589  20.64828  20.68663  20.69493  20.69799  20.70039  20.71223  20.72007  20.72715  20.72688  20.72804  20.72669  20.72565
      53  261.28605685   60.29068163  19.85016  19.60135  19.32456  19.25837  19.18857  19.12279  19.10354  19.07743  19.07563  19.08996  19.10368  19.13720
      54  261.26655528   60.27470038  18.30452  18.05568  17.77884  17.71265  17.64283  17.57704  17.55780  17.53168  17.52988  17.54421  17.55794  17.59147
      55  261.28985511   60.28923516  19.52940  19.25495  18.94964  18.87363  18.79389  18.72058  18.70452  18.67230  18.67034  18.68944  18.70728  18.74991
      56  261.29342731   60.28793395  17.25588  16.39436  15.73225  15.47354  15.22925  14.97956  14.97083  14.81415  14.80044  14.87066  14.92665  15.06762
      57  261.26246449   60.29121119  20.56403  20.66984  20.71735  20.72717  20.73587  20.77606  20.80760  20.82738  20.82820  20.83828  20.83946  20.84468
      58  261.29450900   60.29657798  17.98589  17.03093  16.35388  16.07951  15.82459  15.55446  15.52788  15.36760  15.35124  15.41525  15.46248  15.58949
      59  261.31149306   60.30307456  17.58644  17.23101  16.84180  16.73377  16.62231  16.52352  16.51870  16.46446  16.46174  16.49630  16.52757  16.60001
      60  261.29661897   60.30071412  19.66958  19.39851  19.09693  19.02222  18.94380  18.87150  18.85501  18.82362  18.82168  18.84015  18.85744  18.89883
      61  261.28925977   60.30422437  11.65542  11.40053  11.11693  11.04844  10.97631  10.90877  10.89025  10.86274  10.86090  10.87634  10.89103  10.92666
      62  261.30878848   60.30904339  16.41764  15.00823  14.34845  14.03929  13.77745  13.44286  13.27324  13.15911  13.12876  13.12207  13.08181  13.05163
      63  261.23359782   60.28989129  16.99872  16.14498  15.48448  15.22723  14.98400  14.73614  14.72868  14.57252  14.55903  14.62961  14.68616  14.82796
      64  261.19324747   60.28586675  17.36125  16.93544  16.48288  16.34747  16.20964  16.08756  16.09158  16.01695  16.01327  16.06013  16.10213  16.19866
      65  261.21210095   60.29391898  16.47220  16.26683  16.03951  15.98913  15.93550  15.88173  15.85826  15.84106  15.83946  15.84635  15.85372  15.87311
      66  261.28206536   60.30392781  19.58407  19.36226  19.11612  19.05991  19.00029  18.94209  18.92000  18.89966  18.89799  18.90757  18.91722  18.94171
      67  261.26842933   60.30467878  16.86567  15.99000  15.32510  15.06381  14.81767  14.56472  14.55358  14.39604  14.38194  14.45144  14.50634  14.64566
      68  261.29547498   60.32716933  17.61702  17.40453  17.16904  17.11616  17.05996  17.00429  16.98138  16.96286  16.96123  16.96926  16.97760  16.99916
      69  261.28237925   60.32904547  15.66583  15.33739  14.97495  14.87763  14.77669  14.68663  14.67803  14.63145  14.62903  14.65849  14.68532  14.74786
      70  261.40893740   60.29583794  18.52419  18.26135  17.96888  17.89735  17.82214  17.75227  17.73473  17.70535  17.70346  17.72038  17.73633  17.77477
      71  261.36044280   60.28552414  12.80815  12.34435  11.86155  11.71199  11.56082  11.42608  11.43391  11.34850  11.34419  11.39685  11.44387  11.55184
      72  261.37678093   60.30176472  15.87008  15.27592  14.70913  14.51571  14.32465  14.14784  14.16175  14.04342  14.03651  14.10359  14.16244  14.29898
      73  261.39605311   60.30164549  15.30197  14.91690  14.49985  14.38015  14.25737  14.14883  14.14796  14.08514  14.08205  14.12200  14.15798  14.24094
      74  261.39273696   60.30422769  14.24475  12.84948  12.18739  11.87844  11.61587  11.28248  11.11850  11.00151  10.97161  10.96797  10.93139  10.90800
      75  261.42250042   60.30942615  17.93862  17.17339  16.53566  16.29679  16.06753  15.84167  15.84625  15.69852  15.68743  15.76032  15.82134  15.96871
      76  261.44081187   60.31485430  17.28667  16.99441  16.66976  16.58678  16.50006  16.42134  16.40768  16.37091  16.36881  16.39132  16.41211  16.46125
      77  261.41530908   60.32067222  17.36645  16.22295  15.53725  15.24083  14.97485  14.67124  14.59560  14.44241  14.42041  14.46248  14.48168  14.55990
      78  261.48250085   60.33943130  15.80572  15.36671  14.90332  14.76294  14.62039  14.49391  14.49934  14.42093  14.41703  14.46599  14.50980  14.61045
      79  261.48728140   60.34051450  17.02789  16.81362  16.57610  16.52259  16.46574  16.40960  16.38684  16.36798  16.36634  16.37466  16.38325  16.40536
      80  261.48015406   60.35158360  17.76715  16.84118  16.16792  15.89805  15.64604  15.38197  15.36142  15.20174  15.18621  15.25251  15.30284  15.43495
      81  261.50085025   60.35065536  18.94007  18.25079  17.63974  17.41937  17.20516  17.00006  17.01114  16.87435  16.86520  16.93727  16.99916  17.14538
      82  261.51281102   60.35432973  19.00117  18.41624  17.85446  17.66389  17.47535  17.30141  17.31526  17.19900  17.19229  17.25864  17.31693  17.45204
      83  261.33526248   60.30568000  15.35979  13.95037  13.29060  12.98144  12.71960  12.38500  12.21539  12.10125  12.07090  12.06421  12.02396  11.99377
      84  261.34662954   60.30695076  17.12368  16.84819  16.54176  16.46534  16.38520  16.31158  16.29565  16.26318  16.26121  16.28051  16.29852  16.34152
      85  261.37198207   60.31231968  15.66355  14.59158  13.90612  13.61665  13.35335  13.06126  13.00614  12.84810  12.82827  12.88004  12.91140  13.01116
      86  261.35218911   60.31631840  19.63954  19.33319  18.99358  18.90503  18.81276  18.72968  18.71797  18.67747  18.67525  18.70047  18.72361  18.77796
      87  261.35525311   60.30572341  17.11371  16.70122  16.25991  16.12958  15.99659  15.87894  15.88145  15.81067  15.80719  15.85186  15.89197  15.98419
      88  261.37325176   60.33313309  19.22764  18.65210  18.09557  17.90793  17.72199  17.55099  17.56474  17.45061  17.44411  17.50968  17.56737  17.70091
      89  261.36723420   60.32425874  14.19344  13.83581  13.44446  13.33556  13.22325  13.12374  13.11922  13.06435  13.06160  13.09657  13.12820  13.20143
      90  261.40152706   60.32632595  16.24092  15.76128  15.26666  15.11137  14.95486  14.81487  14.82403  14.73424  14.72965  14.78453  14.83344  14.94580
      91  261.40761478   60.32614884  18.30873  17.42041  16.75319  16.48964  16.24193  15.98610  15.97273  15.81451  15.80005  15.86884  15.92270  16.06041
      92  261.40457501   60.32835861  12.84060  12.62404  12.38390  12.32958  12.27189  12.21512  12.19256  12.17326  12.17161  12.18031  12.18922  12.21204
      93  261.40803111   60.33140906  16.77952  16.01000  15.37097  15.13113  14.90111  14.67413  14.67823  14.52999  14.51878  14.59164  14.65253  14.79980
      94  261.39172825   60.33905673  18.76760  18.60971  18.43655  18.40164  18.36409  18.32243  18.29696  18.28711  18.28565  18.28601  18.28784  18.29482
      95  261.39251402   60.33857832  17.68450  17.44676  17.18247  17.12043  17.05485  16.99222  16.97173  16.94808  16.94633  16.95867  16.97069  17.00042
      96  261.41271804   60.34560602  17.36350  17.18695  16.99264  16.95192  16.90830  16.86200  16.83691  16.82449  16.82298  16.82565  16.82944  16.84085
      97  261.41990727   60.35523141  14.79694  13.91184  13.24520  12.98222  12.73490  12.47981  12.46701  12.30896  12.29459  12.36356  12.41769  12.55583
      98  261.31529900   60.32728200  17.13707  16.52178  15.94403  15.74425  15.54762  15.36432  15.37813  15.25526  15.24788  15.31646  15.37638  15.51589
      99  261.33564433   60.33228027  17.96328  17.34982  16.77299  16.57375  16.37759  16.19485  16.20868  16.08619  16.07885  16.14731  16.20715  16.34642
     100  261.31960223   60.32220102  19.21391  18.52548  17.91478  17.69463  17.48061  17.27575  17.28688  17.15024  17.14111  17.21316  17.27503  17.42121
     101  261.33863824   60.33023469  16.80231  15.39290  14.73312  14.42396  14.16212  13.82753  13.65791  13.54378  13.51343  13.50673  13.46648  13.43630
     102  261.34434665   60.33903617  17.50821  16.56975  15.89477  15.62292  15.36961  15.10290  15.07980  14.91980  14.90392  14.96927  15.01831  15.14830
     103  261.36657794   60.34825095  14.13050  13.52542  12.95288  12.75615  12.56218  12.38200  12.39590  12.27519  12.26804  12.33593  12.39536  12.53349
     104  261.36604106   60.33672186  18.47405  17.38644  16.70062  16.40949  16.14546  15.85072  15.79130  15.63410  15.61380  15.66359  15.69244  15.78779
     105  261.36327631   60.33487986  17.86644  16.82130  16.13684  15.85042  15.58858  15.30118  15.25316  15.09398  15.07495  15.12994  15.16539  15.27230
     106  261.35509038   60.34120192  18.01252  17.55536  17.07763  16.93051  16.78162  16.64908  16.65631  16.57275  16.56856  16.62025  16.66644  16.77251
     107  261.31607009   60.33131183  18.05807  17.56608  17.06259  16.90290  16.74231  16.59825  16.60834  16.51520  16.51038  16.56690  16.61721  16.73282
     108  261.31792087   60.33390324  16.73305  16.45862  16.15333  16.07732  15.99759  15.92428  15.90823  15.87601  15.87405  15.89315  15.91099  15.95360
     109  261.41427112   60.35871368  18.76400  18.10048  17.50016  17.28667  17.07824  16.88056  16.89301  16.76070  16.75218  16.82335  16.88487  17.02940
     110  261.42332537   60.37549530  17.39464  16.92585  16.43927  16.28789  16.13503  15.99863  16.00690  15.92009  15.91570  15.96907  16.01670  16.12608
     111  261.45467295   60.34742147  16.52978  16.04494  15.54656  15.38941  15.23117  15.08947  15.09903  15.00782  15.00314  15.05872  15.10822  15.22197
     112  261.50249313   60.36966856  19.60315  19.35452  19.07793  19.01181  18.94208  18.87634  18.85708  18.83101  18.82921  18.84350  18.85720  18.89065
     113  261.44959353   60.36012938  17.25761  16.20507  15.52028  15.23299  14.97073  14.68201  14.63207  14.47316  14.45391  14.50804  14.54239  14.64737
     114  261.45122622   60.36091410  19.74289  19.50121  19.23246  19.16895  19.10187  19.03813  19.01807  18.99356  18.99180  19.00484  19.01745  19.04852
     115  261.49142013   60.37546909  18.70899  18.20256  17.68904  17.52429  17.35905  17.21025  17.22130  17.12431  17.11922  17.17756  17.22940  17.34862
     116  261.48666610   60.37429754  17.02163  16.08643  15.41189  15.14055  14.88758  14.62156  14.59913  14.43921  14.42341  14.48902  14.53841  14.66896
     117  261.48042804   60.37765282  16.99642  15.96651  15.28285  14.99827  14.73738  14.45273  14.40861  14.24893  14.23036  14.28707  14.32473  14.43546
     118  261.50050556   60.38504857  18.48296  17.59699  16.93019  16.66706  16.41963  16.16434  16.15138  15.99328  15.97889  16.04782  16.10187  16.23989
     119  261.49314347   60.37988167  20.48164  20.35455  20.21552  20.18934  20.16098  20.12679  20.10195  20.09555  20.09418  20.09155  20.09081  20.09193
     120  261.52835497   60.38048581  19.83819  19.65574  19.45467  19.41203  19.36642  19.31861  19.29377  19.28044  19.27891  19.28239  19.28687  19.29980
     121  261.52207103   60.39245018  17.32748  16.97816  16.59489  16.48928  16.38019  16.28339  16.27772  16.22523  16.22258  16.25600  16.28628  16.35649
     122  261.45844756   60.38178759  17.69383  16.67147  15.98828  15.70464  15.44426  15.16099  15.11876  14.95889  14.94055  14.99808  15.03680  15.14937
     123  261.44678403   60.37168206  14.42633  14.20646  13.96253  13.90702  13.84811  13.79044  13.76817  13.74822  13.74656  13.75581  13.76519  13.78906
     124  261.48107262   60.38326298  18.34033  17.54781  16.90216  16.65727  16.42331  16.19041  16.19176  16.04095  16.02913  16.10167  16.16170  16.30812
     125  261.47457450   60.38207917  17.63570  16.44083  15.75701  15.45657  15.18974  14.87872  14.78701  14.63885  14.61526  14.64941  14.65880  14.71944
     126  261.45273873   60.39212368  17.02939  16.03294  15.35168  15.07140  14.81291  14.53454  14.49858  14.33827  14.32069  14.38090  14.42310  14.54163
     127  261.49333929   60.40727752  19.20755  18.57113  17.98307  17.77715  17.57519  17.38552  17.39892  17.27175  17.26388  17.33374  17.39451  17.53652
     128  261.52354941   60.41611174  16.66745  15.62062  14.93608  14.64946  14.38753  14.09982  14.05137  13.89224  13.87317  13.92796  13.96316  14.06963
     129  261.53260585   60.41599161  18.30392  17.52839  16.88757  16.64638  16.41531  16.18676  16.19018  16.04123  16.02987  16.10266  16.16335  16.31045
     130  261.53381478   60.41501608  17.45181  17.21008  16.94129  16.87776  16.81067  16.74691  16.72686  16.70234  16.70057  16.71362  16.72625  16.75732
     131  261.11702199   60.27176573  18.72504  18.30828  17.86332  17.73136  17.59681  17.47774  17.48075  17.40873  17.40518  17.45057  17.49129  17.58490
     132  261.17496596   60.30122654  16.21848  15.97415  15.70240  15.63790  15.56981  15.50531  15.48556  15.46045  15.45867  15.47219  15.48522  15.51719
     133  261.15915744   60.30641245  18.64953  17.90816  17.27804  17.04470  16.81985  16.60033  16.60734  16.46268  16.45221  16.52513  16.58673  16.73435
     134  261.17290995   60.31228643  19.53042  18.92900  18.35837  18.16274  17.96974  17.79069  17.80460  17.68468  17.67761  17.74523  17.80447  17.94209
     135  261.07500728   60.28988634  15.64577  15.35689  15.03588  14.95423  14.86883  14.79115  14.77703  14.74114  14.73907  14.76093  14.78115  14.82905
     136  261.10570264   60.29910595  11.82649  11.27072  10.72566  10.54434  10.36405  10.19930  10.21261  10.10315  10.09707  10.16082  10.21709  10.34705
     137  261.06902057   60.29094366  18.69197  18.43969  18.15901  18.09152  18.02039  17.95361  17.93477  17.90787  17.90604  17.92101  17.93527  17.96999
     138  261.05965944   60.29065123  19.22196  18.93917  18.62477  18.54550  18.46250  18.38668  18.37173  18.33741  18.33538  18.35608  18.37529  18.42095
     139  261.11787505   60.29520240  18.20795  18.00018  17.77011  17.71889  17.66440  17.60999  17.58670  17.56907  17.56745  17.57472  17.58241  17.60253
     140  261.13066188   60.30116369  18.27099  17.75098  17.22835  17.05893  16.88941  16.73617  16.74801  16.64748  16.64213  16.70208  16.75527  16.87770
     141  261.15610323   60.31463079  16.25004  15.98085  15.68134  15.60736  15.52968  15.45794  15.44120  15.41028  15.40835  15.42646  15.44344  15.48416
     142  261.11312896   60.30694704  16.99896  15.58955  14.92977  14.62062  14.35878  14.02418  13.85456  13.74043  13.71008  13.70339  13.66313  13.63295
     143  261.13192467   60.32620948  18.67293  18.01354  17.41502  17.20266  16.99519  16.79872  16.81134  16.67979  16.67137  16.74237  16.80380  16.94799
     144  261.15260256   60.32962842  18.42062  17.78625  17.19916  16.99383  16.79238  16.60331  16.61677  16.49000  16.48218  16.55193  16.61263  16.75441
     145  261.23766323   60.32161252  16.71208  15.60866  14.92266  14.62994  14.36525  14.06791  14.00404  13.84782  13.82704  13.87474  13.90097  13.99170
     146  261.22119084   60.30820965  13.00952  12.76099  12.48453  12.41845  12.34876  12.28306  12.26378  12.23774  12.23593  12.25021  12.26389  12.29730
     147  261.20152260   60.32499242  15.31124  14.79232  14.27042  14.10137  13.93219  13.77931  13.79109  13.69084  13.68551  13.74534  13.79842  13.92060
     148  261.21425716   60.32068601  15.97636  15.74992  15.49848  15.44059  15.37924  15.31977  15.29812  15.27685  15.27516  15.28552  15.29585  15.32184
     149  261.29305921   60.34653985  17.03632  16.04540  15.36462  15.08510  14.82704  14.54974  14.51508  14.35472  14.33730  14.39806  14.44097  14.56071
     150  261.25247445   60.33379826  17.34723  16.81820  16.28971  16.11723  15.94492  15.78876  15.80105  15.69821  15.69268  15.75366  15.80768  15.93213
     151  261.29042230   60.35712409  16.42810  15.01868  14.35891  14.04975  13.78791  13.45331  13.28370  13.16956  13.13921  13.13252  13.09227  13.06208
     152  261.27754293   60.35202337  13.66938  13.18033  12.67893  12.52028  12.36065  12.21756  12.22744  12.13508  12.13032  12.18646  12.23644  12.35129
     153  261.23370000   60.34045620  15.13673  14.07121  13.38594  13.09718  12.83421  12.54322  12.48984  12.33149  12.31186  12.36442  12.39678  12.49831
     154  261.22223289   60.34370008  17.94550  16.93052  16.24783  15.96512  15.70525  15.42336  15.38295  15.22291  15.20479  15.26311  15.30285  15.41717
     155  261.23075998   60.35767412  17.92324  17.67702  17.40314  17.33792  17.26911  17.20407  17.18453  17.15900  17.15721  17.17107  17.18439  17.21701
     156  261.23729455   60.34917034  17.42310  16.26138  15.57616  15.27822  15.01184  14.70552  14.62430  14.47275  14.45019  14.48953  14.50535  14.57753
     157  261.27415837   60.36398529  15.24261  14.99714  14.72413  14.65920  14.59068  14.52586  14.50623  14.48088  14.47909  14.49281  14.50602  14.53837
     158  261.28534774   60.37113158  17.02377  16.07086  15.39405  15.11998  14.86526  14.59555  14.56940  14.40916  14.39285  14.45704  14.50450  14.63188
     159  261.06485084   60.30660648  20.21573  20.16350  20.10000  20.09040  20.07963  20.06379  20.04790  20.04705  20.04596  20.04102  20.03767  20.03248
     160  261.04541500   60.29898186  13.93779  13.67961  13.39232  13.32257  13.24916  13.18067  13.16254  13.13427  13.13241  13.14846  13.16367  13.20046
     161  261.09993314   60.32557334  16.55026  15.98672  15.43708  15.25326  15.07072  14.90351  14.91702  14.80571  14.79946  14.86395  14.92080  15.05222
     162  261.04860578   60.32122549  12.71374  12.31210  11.88023  11.75408  11.62510  11.51106  11.51227  11.44464  11.44132  11.48415  11.52266  11.61127
     163  261.09052137   60.33199507  18.77848  18.15020  17.56604  17.36246  17.16253  16.97530  16.98890  16.86336  16.85567  16.92507  16.98554  17.12664
     164  261.10928128   60.32110341  17.02950  15.66359  14.99701  14.68863  14.42473  14.09400  13.94149  13.81884  13.78988  13.79241  13.76329  13.75365
     165  261.10834342   60.32368575  18.52015  17.72053  17.07295  16.82654  16.59141  16.35671  16.35716  16.20561  16.19360  16.26600  16.32571  16.47177
     166  261.11283096   60.33124374  18.06168  17.28979  16.65004  16.40967  16.17923  15.95163  15.95545  15.80693  15.79566  15.86850  15.92931  16.07652
     167  261.09375134   60.34472476  18.23697  17.39960  16.74269  16.48860  16.24768  16.00370  15.99881  15.84387  15.83083  15.90209  15.95974  16.10310
     168  261.08964250   60.34712241  16.59442  15.18501  14.52523  14.21607  13.95423  13.61964  13.45002  13.33589  13.30554  13.29884  13.25859  13.22841
     169  261.09019525   60.34903276  15.08829  14.89337  14.67802  14.63123  14.58131  14.53029  14.50610  14.49074  14.48918  14.49446  14.50046  14.51682
     170  261.03453489   60.33238372  17.21874  16.42393  15.77766  15.53227  15.29794  15.06446  15.06552  14.91447  14.90259  14.97509  15.03502  15.18133
     171  261.12106777   60.34968048  14.88764  14.66202  14.41151  14.35392  14.29288  14.23363  14.21191  14.19080  14.18911  14.19934  14.20955  14.23527
     172  261.15775525   60.37333039  17.29538  17.07156  16.82312  16.76618  16.70581  16.64706  16.62516  16.60442  16.60274  16.61266  16.62261  16.64774
     173  261.09753772   60.36270619  17.69494  16.83108  16.16849  15.90935  15.66475  15.41452  15.40539  15.24856  15.23479  15.30489  15.36071  15.50142
     174  261.09253271   60.36359093  18.12568  17.23683  16.56952  16.30588  16.05809  15.80215  15.78868  15.63044  15.61596  15.68472  15.73853  15.87617
     175  261.11087476   60.36405066  17.23257  16.80993  16.36002  16.22582  16.08914  15.96811  15.97179  15.89807  15.89443  15.94078  15.98234  16.07785
     176  261.12936757   60.37124927  19.47038  19.06670  18.63303  18.50610  18.37636  18.26164  18.26310  18.19488  18.19152  18.23471  18.27352  18.36282
     177  261.13951361   60.37676245  17.97575  17.38047  16.81309  16.61933  16.42797  16.25081  16.26472  16.14614  16.13921  16.20638  16.26528  16.40199
     178  261.13474807   60.36799804  16.79197  16.20094  15.63585  15.44340  15.25319  15.07735  15.09125  14.97362  14.96678  15.03362  15.09228  15.22834
     179  261.16969803   60.34673941  15.72964  14.95099  14.30926  14.06738  13.83577  13.60642  13.60946  13.46016  13.44871  13.52147  13.58205  13.72904
     180  261.21130152   60.36865655  18.85948  18.12087  17.49169  17.25901  17.03469  16.81591  16.82318  16.67890  16.66850  16.74142  16.80306  16.95067
     181  261.19949213   60.36605213  19.72110  19.46767  19.18569  19.11775  19.04618  18.97906  18.96036  18.93320  18.93136  18.94654  18.96099  18.99611
     182  261.25760231   60.38130524  17.04034  16.70126  16.32810  16.22655  16.12144  16.02796  16.02086  15.97129  15.96875  16.00024  16.02884  16.09530
     183  261.26066051   60.38386984  18.33748  18.08915  17.81290  17.74689  17.67727  17.61163  17.59233  17.56633  17.56453  17.57877  17.59242  17.62577
     184  261.24548839   60.38933059  17.82519  16.81006  16.12735  15.84462  15.58475  15.30283  15.26238  15.10235  15.08422  15.14252  15.18224  15.29652
     185  261.23246313   60.38011866  17.73041  17.49240  17.22780  17.16566  17.09997  17.03727  17.01681  16.99310  16.99135  17.00374  17.01580  17.04561
     186  261.25683137   60.39212622  18.44941  18.17311  17.86577  17.78904  17.70857  17.63470  17.61889  17.58621  17.58423  17.60369  17.62183  17.66513
     187  261.26528315   60.39730974  11.18021  10.78298  10.35499  10.23055  10.10320   9.99063   9.99130   9.92494   9.92168   9.96376  10.00161  10.08873
     188  261.17234665   60.37790148  19.89386  19.44545  18.97457  18.83068  18.68483  18.55521  18.56160  18.48051  18.47647  18.52686  18.57192  18.67541
     189  261.18603973   60.39270672  17.29718  16.34453  15.66776  15.39373  15.13904  14.86938  14.84330  14.68305  14.66675  14.73096  14.77845  14.90589
     190  261.17897128   60.39315030  16.75206  16.51607  16.25377  16.19238  16.12745  16.06531  16.04464  16.02136  16.01963  16.03166  16.04341  16.07255
     191  261.21988254   60.40266199  19.14467  18.64728  18.13999  17.97840  17.81605  17.67022  17.68068  17.58609  17.58117  17.63839  17.68928  17.80626
     192  261.21857696   60.39816601  14.44926  14.25032  14.03038  13.98222  13.93088  13.87881  13.85489  13.83883  13.83725  13.84314  13.84966  13.86717
     193  261.22809475   60.40111469  18.52560  17.93258  17.36640  17.17333  16.98258  16.80613  16.82003  16.70196  16.69507  16.76207  16.82084  16.95721
     194  261.25875136   60.40789656  16.62914  16.27286  15.88282  15.77446  15.66267  15.56360  15.55889  15.50441  15.50168  15.53639  15.56781  15.64055
     195  261.24610517   60.42136649  15.76073  14.35131  13.69153  13.38237  13.12053  12.78594  12.61633  12.50219  12.47184  12.46515  12.42489  12.39471
     196  261.24975426   60.41053096  18.76241  18.03402  17.40834  17.17811  16.95579  16.73978  16.74797  16.60512  16.59498  16.66781  16.72961  16.87713
     197  261.25086648   60.41967559  14.17787  13.76544  13.32418  13.19388  13.06092  12.94329  12.94579  12.87502  12.87154  12.91621  12.95630  13.04850
     198  261.33660324   60.35220001  15.56954  15.23097  14.85832  14.75698  14.65207  14.55875  14.55158  14.50215  14.49962  14.53101  14.55952  14.62580
     199  261.36097288   60.36599108  17.31178  16.34900  15.67105  15.39552  15.13987  14.86815  14.83987  14.67951  14.66292  14.72627  14.77260  14.89811
     200  261.36695472   60.36566517  17.17219  16.75405  16.30793  16.17544  16.04039  15.92086  15.92402  15.85160  15.84803  15.89365  15.93457  16.02863
     201  261.30909883   60.35800867  16.81828  16.48415  16.11595  16.01637  15.91320  15.82131  15.81351  15.76534  15.76285  15.79340  15.82118  15.88582
     202  261.31523130   60.35810493  17.09591  16.76061  16.39122  16.29118  16.18755  16.09528  16.08765  16.03915  16.03665  16.06742  16.09539  16.16047
     203  261.32001301   60.36555497  17.39521  17.00744  16.58794  16.46719  16.34338  16.23395  16.23343  16.16982  16.16669  16.20712  16.24353  16.32741
     204  261.34215305   60.36853613  14.09414  13.78310  13.43857  13.34816  13.25405  13.16950  13.15845  13.11667  13.11441  13.14054  13.16446  13.22056
     205  261.35178450   60.37090745  19.92218  19.79335  19.65241  19.62577  19.59691  19.56230  19.53738  19.53081  19.52943  19.52694  19.52633  19.52773
     206  261.38956857   60.37392872  19.75484  19.40537  19.02195  18.91628  18.80713  18.71028  18.70463  18.65210  18.64945  18.68289  18.71320  18.78347
     207  261.38108699   60.37419332  18.33248  17.94739  17.53031  17.41060  17.28780  17.17925  17.17839  17.11556  17.11247  17.15242  17.18842  17.27138
     208  261.41391115   60.38165954  15.84579  15.56135  15.24514  15.16522  15.08157  15.00524  14.99051  14.95577  14.95373  14.97474  14.99423  15.04050
     209  261.42964684   60.39471257  18.91099  18.56908  18.19310  18.09044  17.98423  17.88983  17.88313  17.83275  17.83018  17.86221  17.89127  17.95878
     210  261.39638753   60.39169612  13.58421  13.28558  12.95414  12.86865  12.77942  12.69874  12.68595  12.64751  12.64536  12.66909  12.69094  12.74244
     211  261.39060873   60.39403042  17.07795  16.24010  15.58308  15.32888  15.08789  14.84380  14.83883  14.68385  14.67080  14.74204  14.79966  14.94298
     212  261.42837664   60.40817649  19.15277  18.60959  18.07219  17.89499  17.71840  17.55769  17.57058  17.46419  17.45837  17.52086  17.57612  17.70358
     213  261.35171885   60.38276317  19.27551  18.90332  18.49816  18.38351  18.26561  18.16133  18.15877  18.09969  18.09677  18.13440  18.16837  18.24681
     214  261.36110077   60.39230336  18.41327  17.59713  16.94528  16.69543  16.45769  16.21888  16.21709  16.06396  16.05150  16.12347  16.18236  16.32740
     215  261.29831227   60.37893058  16.70683  16.01466  15.40247  15.18134  14.96651  14.76059  14.77149  14.63422  14.62500  14.69716  14.75906  14.90543
     216  261.36663189   60.39509380  18.16228  17.96839  17.75423  17.70778  17.65822  17.60747  17.58322  17.56804  17.56647  17.57160  17.57748  17.59354
     217  261.38442352   60.40017438  14.82307  14.57409  14.29710  14.23085  14.16099  14.09516  14.07593  14.04979  14.04798  14.06234  14.07609  14.10966
     218  261.38014104   60.40126113  17.69877  17.01118  16.40080  16.18087  15.96703  15.76241  15.77359  15.63709  15.62798  15.70000  15.76187  15.90801
     219  261.38603040   60.40110801  16.30506  15.86116  15.39385  15.25164  15.10737  14.97925  14.98519  14.90538  14.90141  14.95111  14.99558  15.09772
     220  261.38015600   60.39446259  18.52334  17.90857  17.33108  17.13146  16.93497  16.75183  16.76564  16.64288  16.63550  16.70406  16.76396  16.90340
     221  261.39547059   60.41007334  16.95970  15.72541  15.04413  14.74114  14.47421  14.15799  14.05323  13.90979  13.88498  13.91252  13.91383  13.95982
     222  261.42559118   60.41069807  19.05004  18.53585  18.01708  17.84965  17.68195  17.53061  17.54213  17.44310  17.43787  17.49714  17.54976  17.67084
     223  261.42415980   60.41149352  16.88092  16.47409  16.03767  15.90951  15.77861  15.66284  15.66468  15.59554  15.59214  15.63586  15.67514  15.76549
     224  261.42472139   60.41351480  14.52143  13.75889  13.12199  12.88373  12.65496  12.42980  12.43467  12.28728  12.27625  12.34916  12.41026  12.55769
     225  261.42739864   60.41399949  16.11896  15.81233  15.47243  15.38377  15.29140  15.20823  15.19656  15.15598  15.15376  15.17904  15.20222  15.25668
     226  261.37216401   60.41044263  13.59783  13.36818  13.11309  13.05403  12.99149  12.93113  12.90980  12.88786  12.88616  12.89707  12.90788  12.93491
     227  261.38738765   60.41101898  16.48248  16.21541  15.91825  15.84509  15.76823  15.69712  15.68011  15.64970  15.64779  15.66550  15.68214  15.72209
     228  261.41302784   60.42396971  19.74320  19.55468  19.34667  19.30203  19.25433  19.20498  19.18042  19.16613  19.16458  19.16892  19.17413  19.18870
     229  261.44514168   60.39149248  16.58870  15.22411  14.55734  14.24900  13.98504  13.65443  13.50243  13.37954  13.35062  13.35342  13.32463  13.31560
     230  261.45869746   60.40316212  18.90695  18.32030  17.75759  17.56649  17.37748  17.20300  17.21688  17.10022  17.09348  17.15997  17.21837  17.35374
     231  261.48754214   60.41748341  17.83915  17.11978  16.49730  16.26929  16.04876  15.83523  15.84417  15.70264  15.69274  15.76546  15.82734  15.97470
     232  261.48323821   60.41300063  16.21970  15.73253  15.23248  15.07449  14.91549  14.77302  14.78276  14.69091  14.68619  14.74208  14.79185  14.90621
     233  261.52139139   60.41986537  19.13939  18.74831  18.32582  18.20377  18.07872  17.96819  17.96809  17.90352  17.90035  17.94136  17.97827  18.06330
     234  261.54115826   60.43415324  15.59638  15.02159  14.46548  14.27808  14.09235  13.92159  13.93532  13.82137  13.81488  13.88038  13.93802  14.07143
     235  261.54897653   60.44217235  19.66514  19.41868  19.14453  19.07922  19.01032  18.94521  18.92570  18.90012  18.89832  18.91223  18.92559  18.95829
     236  261.50402653   60.43456631  18.05331  17.30783  16.67636  16.44205  16.21642  15.99579  16.00240  15.85719  15.84661  15.91955  15.98107  16.12869
     237  261.50067038   60.42523924  18.42547  17.71905  17.10135  16.87658  16.65871  16.44878  16.45871  16.31916  16.30958  16.38207  16.44401  16.59100
     238  261.51472776   60.44174843  13.98540  13.26505  12.64222  12.41396  12.19323  11.97943  11.98829  11.84662  11.83669  11.90942  11.97130  12.11868
     239  261.53567456   60.44194010  15.98932  15.58966  15.15953  15.03415  14.90589  14.79252  14.79349  14.72643  14.72313  14.76563  14.80384  14.89179
     240  261.43408244   60.41899583  16.58744  16.35290  16.09225  16.03140  15.96703  15.90530  15.88447  15.86151  15.85978  15.87155  15.88308  15.91173
     241  261.42518018   60.43364751  17.41037  16.31572  15.62980  15.33796  15.07362  14.77772  14.71633  14.55955  14.53904  14.58791  14.61560  14.70892
     242  261.47844253   60.44854461  11.93041  11.60120  11.23796  11.14034  11.03909  10.94878  10.94029  10.89350  10.89106  10.92067  10.94763  11.01046
     243  261.51375378   60.44492969  18.86071  18.36267  17.85492  17.69309  17.53054  17.38448  17.39500  17.30023  17.29530  17.35260  17.40356  17.52071
     244  261.54637444   60.46152490  19.05392  18.70259  18.31735  18.21094  18.10107  18.00362  17.99822  17.94516  17.94249  17.97628  18.00689  18.07784
     245  261.49655889   60.45215096   8.75373   8.54024   8.30361   8.25038   8.19382   8.13788   8.11505   8.09634   8.09470   8.10290   8.11138   8.13325
     246  261.49477371   60.45113154  15.86586  15.56963  15.24074  15.15620  15.06791  14.98798  14.97486  14.93705  14.93492  14.95819  14.97964  15.03025
     247  261.53705237   60.47247141  17.04799  15.88050  15.19547  14.89708  14.63059  14.32343  14.24042  14.08942  14.06668  14.10515  14.11988  14.19010
     248  261.32075771   60.41921986  19.71185  19.33321  18.92206  18.80488  18.68452  18.57811  18.57641  18.51546  18.51245  18.55125  18.58624  18.66695
     249  261.35601630   60.43522413  15.02331  13.61389  12.95411  12.64496  12.38312  12.04852  11.87891  11.76477  11.73442  11.72773  11.68747  11.65729
     250  261.29893030   60.41841829  19.17334  18.64895  18.12346  17.95254  17.78166  17.62701  17.63907  17.53741  17.53197  17.59243  17.64603  17.76945
     251  261.33909917   60.43792357  15.75007  15.25570  14.75052  14.58998  14.42862  14.28377  14.29403  14.20024  14.19538  14.25221  14.30278  14.41900
     252  261.28630419   60.43514342  17.41105  16.49399  15.82205  15.55363  15.30258  15.04043  15.02164  14.86223  14.84696  14.91389  14.96512  15.09866
     253  261.32060744   60.44425656  10.80485  10.26313   9.72662   9.54991   9.37376   9.21351   9.22635   9.12032   9.11454   9.17687   9.23201   9.35917
     254  261.37500270   60.44540586  14.10859  13.15571  12.47890  12.20485  11.95013  11.68042  11.65428  11.49404  11.47773  11.54192  11.58938  11.71677
     255  261.35493980   60.44340043  18.58620  17.95088  17.36334  17.15773  16.95604  16.76669  16.78013  16.65318  16.64533  16.71513  16.77586  16.91775
     256  261.35515707   60.45723128  18.55196  18.32606  18.07524  18.01756  17.95642  17.89709  17.87539  17.85423  17.85254  17.86281  17.87306  17.89887
     257  261.40326941   60.46757661  14.45549  13.89902  13.35355  13.17201  12.99151  12.82655  12.83988  12.73025  12.72416  12.78798  12.84430  12.97439
     258  261.38971928   60.46331903  15.71204  15.13978  14.58510  14.39850  14.21348  14.04351  14.05720  13.94384  13.93741  14.00268  14.06015  14.19313
     259  261.43825882   60.44069451  19.66683  19.36898  19.03837  18.95319  18.86427  18.78383  18.77094  18.73270  18.73056  18.75414  18.77586  18.82706
     260  261.45917673   60.45385883  15.78519  14.37578  13.71600  13.40684  13.14501  12.81041  12.64079  12.52666  12.49631  12.48962  12.44936  12.41918
     261  261.46811652   60.45805435  16.58316  15.17375  14.51397  14.20481  13.94298  13.60838  13.43876  13.32463  13.29428  13.28759  13.24733  13.21715
     262  261.43347714   60.45292094  18.60557  18.15641  17.68493  17.54077  17.39466  17.26479  17.27125  17.18995  17.18589  17.23639  17.28155  17.38526
     263  261.51612339   60.47575804  17.50255  16.86886  16.28211  16.07697  15.87569  15.68683  15.70031  15.57368  15.56587  15.63558  15.69626  15.83797
     264  261.53027313   60.47613182  18.39385  18.08820  17.74931  17.66104  17.56905  17.48618  17.47438  17.43406  17.43185  17.45693  17.47996  17.53405
     265  261.48294005   60.47243538  18.47920  17.83578  17.24447  17.03656  16.83290  16.64113  16.65434  16.52581  16.51777  16.58800  16.64900  16.79173
     266  261.44953004   60.47520732  17.04022  16.15224  15.48508  15.22159  14.97392  14.71817  14.70486  14.54666  14.53221  14.60101  14.65490  14.79265
     267  261.46777562   60.48265900  18.41296  18.02440  17.60418  17.48312  17.35902  17.24932  17.24890  17.18507  17.18193  17.22249  17.25902  17.34318
     268  261.43170547   60.48281818  18.87001  18.22417  17.63174  17.42314  17.21889  17.02641  17.03954  16.91054  16.90244  16.97280  17.03388  17.17685
     269  261.50071233   60.50855977  17.25175  16.48177  15.84259  15.60265  15.37254  15.14544  15.14949  15.00119  14.98997  15.06283  15.12370  15.27096
     270  261.47458335   60.50234568  19.36635  19.18944  18.99471  18.95386  18.91012  18.86373  18.83866  18.82617  18.82466  18.82738  18.83122  18.84272
     271  261.47783253   60.49506806  16.27478  14.86537  14.20559  13.89643  13.63459  13.30000  13.13039  13.01625  12.98590  12.97921  12.93895  12.90877
     272  261.51211859   60.50982315  16.01945  15.82853  15.61778  15.57233  15.52381  15.47383  15.44941  15.43472  15.43317  15.43786  15.44336  15.45859
     273  261.04242826   60.35074146  18.29122  18.03494  17.74977  17.68075  17.60807  17.54013  17.52177  17.49394  17.49210  17.50780  17.52270  17.55882
     274  261.07241622   60.35671691  18.78654  18.52035  18.22416  18.15135  18.07483  18.00398  17.98686  17.95667  17.95476  17.97230  17.98880  18.02844
     275  261.06079223   60.35703047  18.90697  17.88070  17.19726  16.91312  16.65248  16.36849  16.32528  16.16551  16.14705  16.20416  16.24233  16.35395
     276  261.05732860   60.36343037  18.61647  18.42115  18.20534  18.15841  18.10835  18.05723  18.03307  18.01764  18.01607  18.02141  18.02747  18.04394
     277  261.10948852   60.37251722  19.52966  19.31751  19.08243  19.02968  18.97360  18.91802  18.89509  18.87663  18.87500  18.88297  18.89127  18.91272
     278  261.09256556   60.36887821  13.29258  12.95005  12.57346  12.47055  12.36410  12.26950  12.26288  12.21233  12.20976  12.24190  12.27106  12.33879
     279  261.14504708   60.39136262  19.81188  19.63326  19.43658  19.39519  19.35087  19.30404  19.27903  19.26629  19.26478  19.26773  19.27176  19.28370
     280  261.09724775   60.38928311  17.88881  16.53418  15.86599  15.55790  15.29355  14.96389  14.81572  14.69099  14.66239  14.66724  14.64092  14.63644
     281  261.08551309   60.38504934  18.63502  18.10490  17.57572  17.40288  17.23024  17.07373  17.08607  16.98295  16.97740  17.03850  17.09262  17.21731
     282  261.02426705   60.37584272  16.65918  16.36824  16.04502  15.96256  15.87635  15.79804  15.78420  15.74778  15.74569  15.76794  15.78851  15.83716
     283  261.03138612   60.36960637  13.80677  13.61804  13.40979  13.36508  13.31731  13.26790  13.24336  13.22903  13.22748  13.23185  13.23708  13.25171
     284  261.03362993   60.37027141  16.55007  16.10033  15.62840  15.48401  15.33770  15.20764  15.21415  15.13269  15.12862  15.17921  15.22445  15.32833
     285  261.06633362   60.38508729  17.21233  15.90909  15.23437  14.92798  14.66201  14.33765  14.20866  14.07516  14.04818  14.06318  14.04918  14.06729
     286  261.07945041   60.39276190  14.53268  14.30684  14.05609  13.99842  13.93730  13.87799  13.85629  13.83514  13.83345  13.84371  13.85395  13.87974
     287  261.03684716   60.39264121  17.55357  17.27380  16.96269  16.88461  16.80279  16.72788  16.71253  16.67898  16.67697  16.69709  16.71580  16.76036
     288  261.04664919   60.39496653  19.72208  19.44276  19.13213  19.05422  18.97258  18.89780  18.88239  18.84895  18.84695  18.86698  18.88562  18.93001
     289  261.07028299   60.40322933  18.72825  18.34905  17.93738  17.81998  17.69941  17.59282  17.59119  17.53008  17.52706  17.56596  17.60104  17.68194
     290  261.06085825   60.39494235  17.70330  17.36488  16.99239  16.89111  16.78626  16.69299  16.68580  16.63642  16.63389  16.66525  16.69374  16.75996
     291  261.12551051   60.40275357  16.55964  16.14721  15.70595  15.57565  15.44268  15.32505  15.32756  15.25679  15.25331  15.29797  15.33807  15.43027
     292  261.13624419   60.40870285  19.03524  18.39698  17.80806  17.60162  17.39921  17.20899  17.22234  17.09481  17.08689  17.15686  17.21769  17.35989
     293  261.09401904   60.41396390  16.94843  16.18012  15.54145  15.30188  15.07207  14.84541  14.84964  14.70154  14.69037  14.76324  14.82416  14.97146
     294  261.10746336   60.42064287  19.82233  19.60319  19.36010  19.30485  19.24621  19.18874  19.16640  19.14660  19.14494  19.15407  19.16334  19.18698
     295  261.11596338   60.42281783  18.59188  18.37943  18.14400  18.09114  18.03495  17.97929  17.95638  17.93786  17.93623  17.94426  17.95259  17.97414
     296  261.12758987   60.41938498  13.30797  13.07831  12.82320  12.76414  12.70159  12.64122  12.61990  12.59796  12.59625  12.60717  12.61798  12.64502
     297  261.14131273   60.42285450  15.22441  14.67244  14.12967  13.94959  13.77040  13.60687  13.62006  13.51152  13.50553  13.56890  13.62488  13.75410
     298  261.17838133   60.40630916  17.37827  16.89477  16.39735  16.24068  16.08288  15.94162  15.95108  15.86023  15.85558  15.91098  15.96033  16.07372
     299  261.01397796   60.42962079  19.26018  18.83172  18.37696  18.24055  18.10177  17.97880  17.98311  17.90772  17.90400  17.95128  17.99366  18.09102
     300  261.17682649   60.39687061  17.16058  15.93653  15.25450  14.95213  14.68518  14.37027  14.26895  14.12422  14.09972  14.12902  14.13248  14.18236
     301  261.19889918   60.40813779  18.61287  18.04978  17.50039  17.31671  17.13430  16.96723  16.98073  16.86952  16.86329  16.92773  16.98455  17.11589
     302  261.20877895   60.41446485  17.47701  17.21219  16.91751  16.84522  16.76924  16.69879  16.68150  16.65164  16.64974  16.66703  16.68330  16.72245
     303  261.20966320   60.41844423  19.64436  19.07211  18.51744  18.33085  18.14583  17.97587  17.98956  17.87620  17.86977  17.93505  17.99252  18.12549
     304  261.18403872   60.41068720  15.18511  14.77622  14.33801  14.20906  14.07740  13.96095  13.96303  13.89329  13.88986  13.93393  13.97351  14.06455
     305  261.19912551   60.41217112  19.43871  19.00148  18.53955  18.39983  18.25793  18.13203  18.13729  18.05938  18.05552  18.10419  18.14777  18.24786
     306  261.15597730   60.40932011  18.07138  17.80852  17.51603  17.44449  17.36927  17.29940  17.28186  17.25247  17.25058  17.26750  17.28346  17.32191
     307  261.24438612   60.42998685  19.15878  18.51651  17.92572  17.71814  17.51476  17.32334  17.33658  17.20827  17.20025  17.27043  17.33139  17.47401
     308  261.25600604   60.43670589  19.47915  19.34957  19.20782  19.18097  19.15191  19.11712  19.09216  19.08552  19.08414  19.08171  19.08115  19.08268
     309  261.26025622   60.43654959  16.52872  15.97580  15.43246  15.25206  15.07260  14.90876  14.92198  14.81321  14.80720  14.87067  14.92672  15.05612
     310  261.27839957   60.44149974  16.41254  16.19499  15.95372  15.89905  15.84100  15.78396  15.76148  15.74199  15.74034  15.74920  15.75825  15.78138
     311  261.22358730   60.43471584  19.22493  18.69266  18.16209  17.98852  17.81522  17.65802  17.67046  17.56680  17.56120  17.62253  17.67685  17.80201
     312  261.21785807   60.43078055   9.66039   9.67473   9.66622   9.66650   9.66608   9.66962   9.67004   9.67432   9.67376   9.67251   9.67030   9.66734
     313  261.26973117   60.45217856  19.19715  19.00548  18.79386  18.74816  18.69938  18.64920  18.62483  18.61001  18.60846  18.61325  18.61885  18.63429
     314  261.14726556   60.41477220  18.56124  18.08573  17.59415  17.44035  17.28522  17.14660  17.15542  17.06676  17.06225  17.11656  17.16499  17.27623
     315  261.16593086   60.42137517  17.85126  17.33930  16.82203  16.65536  16.48836  16.33775  16.34914  16.25069  16.24550  16.30451  16.35691  16.47746
     316  261.19305741   60.43004342  15.12807  14.58174  14.04240  13.86416  13.68664  13.52491  13.53791  13.43075  13.42487  13.48768  13.54320  13.67130
     317  261.16509267   60.43741504  17.17135  16.91357  16.62672  16.55713  16.48387  16.41549  16.39732  16.36914  16.36728  16.38326  16.39840  16.43505
     318  261.16377508   60.43274405  19.58113  19.19600  18.77890  18.65918  18.53637  18.42782  18.42695  18.36412  18.36103  18.40098  18.43698  18.51995
     319  261.22705189   60.44398168  14.69487  14.25410  13.78931  13.64826  13.50510  13.37803  13.38365  13.30473  13.30081  13.35003  13.39409  13.49527
     320  261.23719152   60.44575416  16.71946  16.45208  16.15457  16.08130  16.00432  15.93312  15.91614  15.88567  15.88375  15.90152  15.91821  15.95827
     321  261.25538095   60.45290598  17.07636  16.15454  15.48189  15.21269  14.96112  14.69794  14.67822  14.51866  14.50325  14.56985  14.62060  14.75339
     322  261.25030887   60.46964396  17.77490  17.10197  16.49763  16.28160  16.07102  15.87061  15.88261  15.74862  15.73987  15.81141  15.87310  16.01833
     323  261.02959812   60.40167917  17.83927  17.04045  16.39309  16.14685  15.91186  15.67737  15.67792  15.52645  15.51446  15.58687  15.64663  15.79273
     324  261.01860049   60.40113352   7.97060   7.46422   6.95073   6.78599   6.62076   6.47198   6.48303   6.38605   6.38096   6.43930   6.49113   6.61034
     325  261.03135237   60.39785947  12.01554  11.70508  11.36115  11.27098  11.17710  11.09273  11.08159  11.03998  11.03772  11.06373  11.08756  11.14344
     326  261.04464389   60.39923077  17.32778  16.64923  16.04253  15.82499  15.61314  15.41111  15.42281  15.28784  15.27896  15.35069  15.41247  15.55807
     327  261.05828473   60.41140651  18.59402  17.81747  17.17635  16.93494  16.70368  16.47487  16.47817  16.32911  16.31771  16.39050  16.45115  16.59821
     328  261.01991122   60.40463439  18.20582  17.78730  17.34085  17.20821  17.07302  16.95336  16.95657  16.88404  16.88046  16.92614  16.96711  17.06130
     329  261.04518051   60.42395994  19.77090  19.43722  19.06947  18.97007  18.86707  18.77533  18.76747  18.71942  18.71694  18.74740  18.77511  18.83958
     330  261.08335941   60.43019638  19.10944  18.72501  18.30853  18.18908  18.06653  17.95820  17.95725  17.89462  17.89153  17.93137  17.96726  18.05000
     331  261.12028206   60.44083742  18.09248  17.82475  17.52686  17.45345  17.37634  17.30504  17.28811  17.25755  17.25562  17.27346  17.29020  17.33040
     332  261.02243541   60.42273259  15.27788  14.36089  13.68896  13.42054  13.16950  12.90736  12.88859  12.72918  12.71391  12.78085  12.83208  12.96564
     333  261.05408248   60.44699402  15.66403  15.36262  15.02823  14.94164  14.85132  14.76978  14.75738  14.71820  14.71603  14.74030  14.76261  14.81513
     334  261.06063568   60.45698838  17.63746  16.98847  16.39460  16.18512  15.98012  15.78670  15.79973  15.67012  15.66195  15.73247  15.79363  15.93690
     335  261.08409263   60.44691293  19.54822  19.22255  18.86292  18.76671  18.66685  18.57767  18.56868  18.52288  18.52048  18.54941  18.57578  18.63730
     336  261.09288846   60.45545685  12.40765  12.05214  11.66285  11.55479  11.44330  11.34448  11.33967  11.28541  11.28269  11.31726  11.34855  11.42101
     337  261.09792002   60.46923428  18.03266  16.90889  16.22291  15.92825  15.66283  15.36226  15.29249  15.13771  15.11631  15.16121  15.18394  15.26846
     338  261.11607067   60.47556881  17.84411  16.74931  16.06339  15.77153  15.50718  15.21126  15.14983  14.99306  14.97254  15.02139  15.04906  15.14233
     339  261.10749351   60.46269223  20.32000  20.15782  19.97982  19.94361  19.90469  19.86198  19.83654  19.82614  19.82467  19.82553  19.82778  19.83572
     340  261.10716475   60.47229506  18.76116  18.03757  17.41358  17.18452  16.96315  16.74846  16.75705  16.61490  16.60489  16.67766  16.73951  16.88696
     341  261.14246390   60.44094676  16.20641  14.97596  14.29440  13.99164  13.72469  13.40896  13.30550  13.16157  13.13687  13.16509  13.16720  13.21467
     342  261.14617611   60.43695987  19.47810  19.13985  18.76751  18.66630  18.56152  18.46830  18.46108  18.41175  18.40922  18.44055  18.46901  18.53517
     343  261.17077884   60.45147267  14.12942  12.78715  12.11726  11.80952  11.54471  11.21626  11.07279  10.94585  10.91764  10.92499  10.90171  10.90279
     344  261.15888159   60.45491342  18.13869  17.23109  16.56062  16.29376  16.04377  15.78368  15.76672  15.60765  15.59265  15.66023  15.71236  15.84735
     345  261.18375554   60.46846121  15.82936  15.16318  14.56171  14.34749  14.13845  13.93999  13.95232  13.81953  13.81094  13.88222  13.94380  14.08853
     346  261.19659760   60.47924271  15.71518  15.38049  15.01171  14.91191  14.80852  14.71645  14.70873  14.66040  14.65791  14.68856  14.71644  14.78129
     347  261.26132411   60.48575136  17.64869  17.30423  16.92574  16.82206  16.71485  16.61963  16.61328  16.56218  16.55959  16.59209  16.62158  16.69001
     348  261.25570509   60.47728930  14.59841  14.33857  14.04943  13.97905  13.90500  13.83602  13.81810  13.78943  13.78757  13.80392  13.81940  13.85678
     349  261.22681436   60.48733180  15.41167  14.00226  13.34248  13.03332  12.77148  12.43689  12.26727  12.15314  12.12279  12.11610  12.07584  12.04566
     350  261.26239106   60.49817754  16.08290  14.98464  14.29868  14.00647  13.74198  13.44549  13.38308  13.22653  13.20591  13.25430  13.28139  13.37365
     351  261.26234517   60.49802968  16.19889  15.19313  14.51112  14.22961  13.97041  13.69026  13.65209  13.49189  13.47404  13.53332  13.57429  13.69074
     352  261.26136655   60.49964422  13.55567  13.32492  13.06858  13.00912  12.94617  12.88550  12.86428  12.84212  12.84041  12.85151  12.86248  12.88988
     353  261.13510475   60.45898078  16.75727  15.70999  15.02543  14.73876  14.47680  14.18901  14.14045  13.98134  13.96225  14.01699  14.05212  14.15848
     354  261.16469241   60.47038657  20.54337  20.40517  20.25397  20.22477  20.19322  20.15636  20.13109  20.12356  20.12216  20.12048  20.12056  20.12358
     355  261.13334538   60.45941345  19.49617  19.23192  18.93787  18.86580  18.79004  18.71976  18.70239  18.67266  18.67077  18.68795  18.70413  18.74308
     356  261.16170620   60.47343824  17.27813  16.05204  15.37016  15.06766  14.80071  14.48554  14.38354  14.23906  14.21450  14.24346  14.24649  14.29561
     357  261.17020728   60.47949175  17.64303  16.63514  15.95296  15.67117  15.41182  15.13126  15.09257  14.93241  14.91449  14.97356  15.01425  15.13021
     358  261.13728743   60.48251539  20.24212  20.16881  20.08536  20.07174  20.05671  20.03551  20.01603  20.01383  20.01264  20.00762  20.00451  20.00000
     359  261.15040356   60.48499814  18.16661  17.63867  17.11089  16.93878  16.76681  16.61101  16.62325  16.52068  16.51518  16.57603  16.62996  16.75417
     360  261.18631708   60.49653348  18.36816  17.80670  17.25828  17.07512  16.89318  16.72663  16.74009  16.62926  16.62307  16.68736  16.74406  16.87509
     361  261.20917926   60.49768496  17.18416  16.89501  16.57372  16.49196  16.40646  16.32870  16.31461  16.27866  16.27658  16.29849  16.31876  16.36676
     362  261.20385046   60.48631033  19.53001  19.14795  18.73364  18.61511  18.49346  18.38592  18.38466  18.32271  18.31966  18.35908  18.39460  18.47651
     363  261.22038952   60.49545187  18.79894  18.36338  17.90279  17.76369  17.62237  17.49703  17.50211  17.42468  17.42085  17.46926  17.51261  17.61219
     364  261.21707380   60.49209734  13.10435  12.80547  12.47377  12.38819  12.29886  12.21811  12.20536  12.16685  12.16470  12.18848  12.21037  12.26195
     365  261.25844239   60.50478755  18.11098  17.41809  16.80560  16.58429  16.36930  16.16317  16.17402  16.03664  16.02740  16.09957  16.16148  16.30789
     366  261.25852298   60.50927322  19.15874  18.87716  18.56406  18.48526  18.40273  18.32727  18.31216  18.27814  18.27613  18.29659  18.31561  18.36083
     367  261.44626637   60.52327271  19.33203  18.80677  18.28072  18.10952  17.93837  17.78344  17.79555  17.69367  17.68821  17.74877  17.80244  17.92606
     368  261.23321117   60.49598925  18.87240  18.17010  17.55397  17.33024  17.11325  16.90447  16.91470  16.77579  16.76632  16.83872  16.90066  17.04749
     369  261.31141745   60.44713596  16.84993  15.93792  15.26675  14.99916  14.74867  14.48761  14.46981  14.31057  14.29544  14.36273  14.41444  14.54877
     370  261.30404257   60.45255579  16.04347  14.64720  13.98527  13.67630  13.41378  13.08031  12.91593  12.79914  12.76921  12.76535  12.72851  12.70464
     371  261.31482058   60.45466799  14.38864  14.13168  13.84576  13.77648  13.70354  13.63540  13.61713  13.58914  13.58729  13.60311  13.61812  13.65448
     372  261.29609719   60.46179581  17.98347  17.34616  16.75769  16.55151  16.34934  16.15940  16.17278  16.04543  16.03754  16.10745  16.16825  16.31035
     373  261.27665656   60.45872412  12.60418  12.31991  12.00389  11.92405  11.84047  11.76419  11.74944  11.71474  11.71271  11.73368  11.75314  11.79934
     374  261.29889999   60.46625070  17.60899  16.69584  16.02450  15.75672  15.50610  15.24480  15.22677  15.06750  15.05233  15.11954  15.17114  15.30529
     375  261.28231287   60.45514032  19.68862  19.40697  19.09380  19.01497  18.93242  18.85694  18.84184  18.80781  18.80579  18.82627  18.84529  18.89054
     376  261.33179273   60.47122574  19.22876  19.04203  18.83608  18.79203  18.74495  18.69606  18.67141  18.65741  18.65587  18.65995  18.66494  18.67902
     377  261.32107300   60.46972877  18.53605  17.73997  17.09335  16.84769  16.61314  16.37934  16.38024  16.22905  16.21714  16.28961  16.34949  16.49573
     378  261.32346796   60.46571204  16.90098  16.47871  16.02910  15.89504  15.75849  15.63758  15.64121  15.56760  15.56397  15.61026  15.65177  15.74716
     379  261.39789641   60.48905688  18.68848  18.39935  18.07807  17.99631  17.91082  17.83306  17.81897  17.78302  17.78094  17.80285  17.82312  17.87111
     380  261.36553485   60.48595908  17.03369  16.17256  15.51053  15.25190  15.00766  14.75807  14.74940  14.59274  14.57905  14.64929  14.70531  14.84632
     381  261.28336973   60.46620640  17.10443  15.92899  15.24427  14.94526  14.67865  14.37035  14.28484  14.13463  14.11165  14.14888  14.16209  14.22958
     382  261.29793871   60.47327057  20.47482  20.29327  20.09323  20.05088  20.00558  19.95800  19.93312  19.91993  19.91840  19.92176  19.92613  19.93883
     383  261.32809399   60.48434262  13.92838  13.60326  13.24419  13.14820  13.04855  12.95955  12.95048  12.90483  12.90244  12.93126  12.95754  13.01886
     384  261.32665282   60.48659622  18.82740  18.57341  18.29080  18.22264  18.15085  18.08357  18.06494  18.03764  18.03581  18.05109  18.06563  18.10095
     385  261.27123855   60.47786185  16.00247  15.27130  14.64466  14.41376  14.19089  13.97413  13.98207  13.83883  13.82862  13.90148  13.96324  14.11080
     386  261.28061613   60.47495758  17.87202  17.02341  16.36400  16.10773  15.86521  15.61856  15.61192  15.45612  15.44277  15.51358  15.57049  15.71280
     387  261.38023879   60.49877726  14.52869  14.28856  14.02158  13.95865  13.89216  13.82886  13.80863  13.78446  13.78270  13.79546  13.80785  13.83838
     388  261.34943971   60.49945688  19.85258  19.62665  19.37580  19.31810  19.25695  19.19761  19.17591  19.15475  19.15306  19.16333  19.17359  19.19941
     389  261.33475011   60.49606242  17.90001  17.08359  16.43168  16.18177  15.94399  15.70511  15.70329  15.55012  15.53766  15.60962  15.66850  15.81352
     390  261.34294920   60.49958593  17.56837  16.85334  16.23244  16.00551  15.78586  15.57353  15.58282  15.44194  15.43215  15.50480  15.56671  15.71396
     391  261.35452261   60.50652214  14.83628  14.61548  14.37049  14.31464  14.25539  14.19747  14.17529  14.15515  14.15349  14.16289  14.17241  14.19657
     392  261.36386573   60.51575902  15.04341  14.24952  13.60350  13.35831  13.12412  12.89087  12.89206  12.74109  12.72924  12.80175  12.86172  13.00808
     393  261.37983161   60.51880283  16.66823  15.25882  14.59904  14.28988  14.02804  13.69345  13.52383  13.40970  13.37935  13.37266  13.33240  13.30222
     394  261.41467532   60.50045570  16.34916  15.94967  15.51968  15.39436  15.26617  15.15284  15.15379  15.08678  15.08349  15.12596  15.16414  15.25204
     395  261.42568897   60.50391081  17.46966  16.86850  16.29800  16.10246  15.90952  15.73055  15.74446  15.62460  15.61753  15.68514  15.74436  15.88194
     396  261.41903575   60.50175333  18.79038  18.34236  17.87178  17.72804  17.58232  17.45284  17.45918  17.37820  17.37417  17.42450  17.46951  17.57288
     397  261.49730232   60.51658927  18.04882  17.23087  16.57857  16.32836  16.09033  15.85108  15.84904  15.69574  15.68323  15.75515  15.81394  15.95886
     398  261.47324130   60.51193568  14.54449  14.25482  13.93297  13.85101  13.76531  13.68739  13.67337  13.63728  13.63520  13.65721  13.67757  13.72575
     399  261.41291590   60.51114141  17.40401  17.13318  16.83186  16.75725  16.67893  16.60670  16.59017  16.55885  16.55691  16.57533  16.59258  16.63389
     400  261.42576111   60.53161716  18.17335  17.66253  17.14603  16.97976  16.81313  16.66289  16.67421  16.57607  16.57090  16.62977  16.68205  16.80233
     401  261.42668161   60.53100319  20.12153  20.01329  19.89441  19.87303  19.84974  19.82006  19.79647  19.79175  19.79043  19.78654  19.78467  19.78315
     402  261.45929075   60.54425187  16.46485  15.05543  14.39565  14.08650  13.82466  13.49006  13.32045  13.20631  13.17596  13.16927  13.12901  13.09883
     403  261.27243255   60.48835213  17.23627  16.86218  16.45525  16.33985  16.22123  16.11632  16.11401  16.05438  16.05143  16.08941  16.12369  16.20280
     404  261.28708494   60.49751627  18.48386  17.85989  17.27783  17.07550  16.87665  16.69072  16.70440  16.57973  16.57215  16.64129  16.70159  16.84218
     405  261.32952117   60.50905121  19.47015  19.16293  18.82241  18.73352  18.64092  18.55757  18.54598  18.50524  18.50302  18.52840  18.55169  18.60636
     406  261.29211611   60.50912237  19.99242  19.68069  19.33545  19.24478  19.15040  19.06563  19.05468  19.01272  19.01045  19.03671  19.06074  19.11709
     407  261.31349417   60.51380640  18.83568  18.63896  18.42155  18.37415  18.32359  18.27211  18.24803  18.23237  18.23079  18.23635  18.24258  18.25945
     408  261.29777754   60.51282289  18.93197  18.70049  18.44332  18.38359  18.32036  18.25949  18.23835  18.21603  18.21431  18.22555  18.23663  18.26426
     409  261.30094504   60.52000997  16.50435  16.26681  16.00276  15.94079  15.87528  15.81271  15.79220  15.76859  15.76685  15.77915  15.79113  15.82079
     410  261.33631238   60.51898712  18.09811  17.86245  17.60051  17.53924  17.47444  17.41239  17.39168  17.36847  17.36674  17.37871  17.39041  17.41945
     411  261.36063919   60.52388103  17.95590  16.96235  16.28134  16.00146  15.74320  15.46539  15.43012  15.26978  15.25228  15.31279  15.35536  15.47453
     412  261.35708440   60.52764018  15.12339  14.84141  14.52789  14.44894  14.36625  14.29067  14.27561  14.24150  14.23948  14.26002  14.27910  14.32446
     413  261.39169765   60.53605721  19.44934  19.26476  19.06128  19.01794  18.97161  18.92327  18.89852  18.88486  18.88332  18.88710  18.89182  18.90532
     414  261.36603752   60.52844915  18.38720  17.66083  17.03586  16.80613  16.58420  16.36874  16.37711  16.23455  16.22446  16.29727  16.35909  16.50658
     415  261.36744202   60.52928207  17.36716  16.93243  16.47253  16.33375  16.19273  16.06768  16.07266  15.99547  15.99165  16.03993  16.08317  16.18249
     416  261.32952092   60.52508319  17.85606  17.12055  16.49241  16.26047  16.03675  15.81880  15.82636  15.68251  15.67219  15.74508  15.80678  15.95437
     417  261.35009929   60.52910696  18.06686  17.84163  17.59156  17.53411  17.47322  17.41408  17.39231  17.37129  17.36960  17.37976  17.38992  17.41551
     418  261.34445740   60.52871932  18.24940  17.96731  17.65367  17.57467  17.49195  17.41634  17.40129  17.36715  17.36513  17.38569  17.40479  17.45019
     419  261.36798847   60.54325953  18.33753  17.55202  16.90832  16.66494  16.43215  16.20103  16.20326  16.05319  16.04156  16.11423  16.17454  16.32127
     420  261.31381820   60.53614265  16.47764  15.93397  15.39625  15.21889  15.04216  14.88128  14.89419  14.78768  14.78185  14.84439  14.89969  15.02725
     421  261.29528719   60.52241201  19.33903  18.95883  18.54624  18.42845  18.30750  18.20058  18.19908  18.13768  18.13465  18.17373  18.20896  18.29021
     422  261.25992534   60.52172410  17.32623  17.06089  16.76564  16.69315  16.61697  16.54637  16.52914  16.49915  16.49725  16.51464  16.53099  16.57033
     423  261.25709829   60.52373367  15.80440  15.05044  14.41623  14.17993  13.95273  13.72984  13.73560  13.58929  13.57849  13.65143  13.71276  13.86031
     424  261.25736540   60.52096010  15.74531  15.40038  15.02141  14.91755  14.81016  14.71479  14.70850  14.65727  14.65467  14.68726  14.71682  14.78543
     425  261.33853967   60.53556230  18.08124  16.98457  16.29862  16.00657  15.74215  15.44591  15.38396  15.22730  15.20673  15.25533  15.28269  15.37541
     426  261.37297180   60.55254458  19.05651  18.56130  18.05554  17.89472  17.73308  17.58797  17.59828  17.50427  17.49940  17.55633  17.60699  17.72342
     427  261.37209357   60.54819513  14.59880  13.67515  13.00222  12.73273  12.48096  12.21739  12.19730  12.03768  12.02222  12.08869  12.13926  12.27175
     428  261.32300235   60.54590778  20.04742  19.76231  19.44537  19.36520  19.28128  19.20475  19.19011  19.15520  19.15316  19.17430  19.19390  19.24041
     429  261.32344757   60.54478852  16.38384  16.09327  15.77044  15.68812  15.60206  15.52386  15.50997  15.47365  15.47156  15.49374  15.51425  15.56277
     430  261.37092649   60.56215610  14.83549  13.66465  12.97974  12.68108  12.41454  12.10690  12.02284  11.87217  11.84933  11.88727  11.90136  11.97043
     431  261.41266049   60.54120800  18.06026  17.44345  16.86493  16.66470  16.46768  16.28392  16.29771  16.17451  16.16710  16.23578  16.29577  16.43548
     432  261.41608198   60.54127399  12.79688  12.62431  12.43453  12.39507  12.35277  12.30747  12.28226  12.27041  12.26891  12.27107  12.27442  12.28483
     433  261.44119022   60.55366008  18.16573  17.66955  17.16311  17.00194  16.83998  16.69455  16.70493  16.61066  16.60577  16.66283  16.71359  16.83027
     434  261.39618995   60.55138024  10.40547  10.20418   9.98153   9.93257   9.88039   9.82771   9.80394   9.78748   9.78589   9.79214   9.79897   9.81715
     435  261.39892588   60.55107060  18.19851  17.87648  17.52057  17.42580  17.32737  17.23934  17.22984  17.18505  17.18269  17.21092  17.23668  17.29686
     436  261.39112507   60.55570851  13.15971  12.92471  12.66354  12.60251  12.53797  12.47611  12.45533  12.43227  12.43054  12.44239  12.45399  12.48280
     437  261.05888375   60.46714426  18.47697  18.26497  18.03005  17.97734  17.92132  17.86578  17.84283  17.82441  17.82278  17.83073  17.83900  17.86041
     438  260.99976752   60.45670425  16.85880  15.63370  14.95175  14.64931  14.38236  14.06732  13.96566  13.82105  13.79652  13.82565  13.82889  13.87838
     439  261.00857545   60.46170747  16.05431  15.27140  14.62844  14.38563  14.15329  13.92284  13.92538  13.77560  13.76404  13.83674  13.89716  14.04400
     440  261.05421691   60.46937624  17.38664  16.14042  15.46009  15.15642  14.88955  14.57183  14.46302  14.32113  14.29595  14.32142  14.32018  14.36156
     441  261.03613195   60.46364298  18.89356  18.33337  17.78570  17.60295  17.42138  17.25523  17.26865  17.15814  17.15197  17.21614  17.27274  17.40354
     442  261.06528206   60.46093929  18.36931  17.60020  16.96129  16.72154  16.49159  16.26472  16.26886  16.12067  16.10947  16.18233  16.24324  16.39051
     443  261.08437187   60.46814878  19.63648  19.16174  18.67073  18.51720  18.36232  18.22396  18.23272  18.14427  18.13977  18.19398  18.24232  18.35335
     444  261.07893291   60.47388894  18.04360  17.03721  16.35515  16.07356  15.81432  15.53404  15.49572  15.33553  15.31766  15.37688  15.41777  15.53407
     445  261.10105423   60.48511486  18.11580  17.87951  17.61687  17.55537  17.49034  17.42812  17.40748  17.38414  17.38240  17.39448  17.40628  17.43551
     446  261.12520300   60.48490614  16.98835  16.56138  16.10786  15.97202  15.83378  15.71130  15.71546  15.64049  15.63679  15.68384  15.72601  15.82289
     447  261.05873446   60.47459784  19.25326  18.86118  18.43778  18.31535  18.18992  18.07906  18.07909  18.01423  18.01104  18.05222  18.08929  18.17466
     448  261.08916194   60.48412843  15.25681  13.84739  13.18761  12.87846  12.61662  12.28202  12.11241  11.99827  11.96792  11.96123  11.92097  11.89079
     449  261.05437971   60.48535100  18.14829  17.16519  16.48513  16.20669  15.94928  15.67350  15.64066  15.48025  15.46307  15.52457  15.56846  15.68987
     450  260.99321486   60.48242399  16.23109  15.28848  14.61296  14.34047  14.08675  13.81917  13.79521  13.63513  13.61912  13.68415  13.73274  13.86200
     451  260.99047691   60.48104657  18.50070  17.78499  17.16385  16.93674  16.71696  16.50444  16.51368  16.37270  16.36288  16.43555  16.49746  16.64472
     452  261.01178906   60.48140954  18.29349  17.39028  16.72053  16.45441  16.20493  15.94579  15.92967  15.77078  15.75590  15.82377  15.87630  16.01194
     453  261.06919308   60.48655596  15.79799  15.18741  14.61205  14.41368  14.21827  14.03641  14.05027  13.92839  13.92111  13.98938  14.04908  14.18797
     454  261.05631546   60.48818624  18.36415  18.14841  17.90921  17.85518  17.79779  17.74124  17.71861  17.69946  17.69782  17.70638  17.71517  17.73774
     455  261.05719978   60.49339801  21.18530  21.43766  21.53939  21.56545  21.58702  21.71932  21.80712  21.88918  21.89382  21.92737  21.92789  21.93744
     456  261.08210734   60.49473391  16.89745  16.57642  16.22153  16.12716  16.02913  15.94142  15.93178  15.88726  15.88491  15.91295  15.93855  15.99835
     457  261.09225166   60.49826917  17.80382  17.84866  17.86123  17.86500  17.86809  17.88233  17.89228  17.90025  17.90007  17.90196  17.90087  17.90039
     458  261.08898790   60.49884187  19.32003  18.83128  18.33010  18.17155  18.01203  17.86904  17.87889  17.78662  17.78187  17.83797  17.88791  18.00268
     459  261.09812087   60.50457115  15.07246  14.59714  14.10570  13.95196  13.79689  13.65834  13.66715  13.57854  13.57403  13.62832  13.67672  13.78791
     460  261.09944542   60.50651743  14.16715  12.95029  12.26778  11.96586  11.69891  11.38494  11.28603  11.14041  11.11615  11.14666  11.15161  11.20420
     461  261.05500598   60.49811477  19.64763  19.27979  18.87872  18.76578  18.64955  18.54669  18.54355  18.48574  18.48287  18.51971  18.55299  18.62988
     462  261.10745136   60.51832288  19.17452  18.54621  17.96204  17.75845  17.55852  17.37127  17.38487  17.25932  17.25164  17.32104  17.38151  17.52261
     463  261.13175669   60.49650541  18.09698  17.25962  16.60272  16.34863  16.10771  15.86374  15.85885  15.70391  15.69087  15.76213  15.81978  15.96314
     464  261.14930323   60.49423832  17.03263  16.41108  15.83021  15.62859  15.43036  15.24516  15.25888  15.13470  15.12718  15.19616  15.25636  15.39666
     465  261.17050710   60.50044879  19.43169  19.17879  18.89742  18.82969  18.75831  18.69135  18.67259  18.64555  18.64372  18.65880  18.67316  18.70810
     466  261.16010403   60.49827885  20.64386  20.51912  20.38263  20.35707  20.32937  20.29573  20.27102  20.26485  20.26347  20.26067  20.25977  20.26052
     467  261.18608007   60.50715307  16.69387  16.35331  15.97867  15.87654  15.77086  15.67690  15.67000  15.62001  15.61746  15.64922  15.67807  15.74508
     468  261.12973405   60.50628581  17.48402  17.17128  16.82498  16.73391  16.63913  16.55404  16.54323  16.50099  16.49872  16.52516  16.54937  16.60610
     469  261.14477081   60.50609963  15.05932  14.54050  14.01866  13.84965  13.68050  13.52765  13.53943  13.43920  13.43388  13.49369  13.54676  13.66891
     470  261.14451138   60.51343527  15.61057  15.29789  14.95164  14.86059  14.76583  14.68076  14.66994  14.62772  14.62544  14.65188  14.67608  14.73279
     471  261.17756818   60.51520568  17.48011  17.28091  17.06067  17.01242  16.96099  16.90886  16.88495  16.86885  16.86727  16.87320  16.87975  16.89733
     472  261.16707417   60.51178880  19.13389  18.53604  17.96729  17.77274  17.58069  17.40274  17.41665  17.29751  17.29052  17.35788  17.41693  17.55403
     473  261.16799601   60.51374867  18.81468  18.09968  17.47879  17.25186  17.03222  16.81990  16.82919  16.68831  16.67851  16.75117  16.81308  16.96033
     474  261.19974040   60.51100131  18.55630  17.89285  17.29255  17.07908  16.87067  16.67300  16.68546  16.55316  16.54464  16.61581  16.67733  16.82185
     475  261.19782541   60.51303971  14.67862  14.44654  14.18869  14.12874  14.06529  14.00424  13.98316  13.96072  13.95900  13.97034  13.98151  14.00934
     476  261.24514690   60.53298210  18.73950  17.98352  17.34867  17.11191  16.88433  16.66091  16.66647  16.51989  16.50904  16.58198  16.64325  16.79078
     477  261.19583451   60.52414098  17.05373  16.65438  16.22451  16.09925  15.97112  15.85784  15.85877  15.79180  15.78851  15.83096  15.86912  15.95696
     478  261.22587091   60.53541517  16.73082  15.32141  14.66163  14.35247  14.09063  13.75604  13.58642  13.47229  13.44194  13.43525  13.39499  13.36481
     479  261.23712741   60.54556099  19.04988  18.57523  18.08429  17.93079  17.77594  17.63761  17.64636  17.55794  17.55344  17.60764  17.65596  17.76697
     480  261.13361852   60.51555288  17.45710  16.69227  16.05466  15.81588  15.58669  15.36094  15.36556  15.21788  15.20680  15.27969  15.34073  15.48811
     481  261.14161129   60.51710318  18.28522  17.55070  16.92291  16.69120  16.46767  16.25000  16.25765  16.11393  16.10364  16.17653  16.23824  16.38582
     482  261.13659956   60.51700071  19.01766  18.67001  18.28838  18.18343  18.07499  17.97873  17.97283  17.92082  17.91819  17.95129  17.98130  18.05090
     483  261.12270937   60.50958597  17.61581  16.51367  15.82768  15.53508  15.27044  14.97332  14.90981  14.75350  14.73276  14.78063  14.80708  14.89819
     484  261.12065396   60.51821462  14.23585  14.03054  13.80328  13.75292  13.69931  13.64556  13.62208  13.60489  13.60329  13.61017  13.61753  13.63691
     485  261.17712831   60.53795594  17.89420  17.51431  17.10199  16.98432  16.86349  16.75666  16.75512  16.69380  16.69078  16.72981  16.76499  16.84614
     486  261.15871360   60.53423028  17.54286  16.72460  16.07223  15.82195  15.58388  15.34455  15.34246  15.18913  15.17662  15.24853  15.30731  15.45219
     487  261.20528819   60.54245440  19.78581  19.62210  19.44236  19.40567  19.36626  19.32317  19.29776  19.28715  19.28567  19.28672  19.28913  19.29742
     488  261.19886351   60.54364604  18.61698  17.74850  17.08500  16.82501  16.57980  16.32850  16.31860  16.16148  16.14758  16.21746  16.27293  16.41311
     489  260.99557846   60.51547260  12.78435  12.49091  12.16500  12.08155  11.99436  11.91528  11.90178  11.86470  11.86260  11.88533  11.90631  11.95589
     490  261.21099445   60.54232303  13.80483  13.54916  13.26467  13.19588  13.12343  13.05567  13.03724  13.00955  13.00770  13.02329  13.03810  13.07401
     491  261.21356338   60.56071047  15.43408  15.20615  14.95302  14.89460  14.83270  14.77281  14.75131  14.72973  14.72804  14.73866  14.74921  14.77567
     492  261.00115492   60.49121420  18.61670  18.30481  17.95940  17.86867  17.77422  17.68941  17.67847  17.63647  17.63420  17.66049  17.68455  17.74096
     493  261.01288133   60.49394979  16.94650  15.53708  14.87730  14.56815  14.30631  13.97171  13.80210  13.68796  13.65761  13.65092  13.61066  13.58048
     494  260.99022020   60.49227856  19.31777  18.67416  18.08275  17.87479  17.67108  17.47926  17.49246  17.36389  17.35584  17.42609  17.48710  17.62985
     495  261.02891392   60.50135074  17.18348  16.11732  15.43202  15.14320  14.88019  14.58909  14.53553  14.37722  14.35756  14.41005  14.44231  14.54366
     496  261.07383519   60.52062002  19.28418  18.73038  18.18650  18.00583  17.82611  17.66199  17.67524  17.56625  17.56022  17.62378  17.67989  17.80947
     497  261.04652662   60.51478285   8.39216   7.98410   7.54662   7.41799   7.28663   7.17046   7.17245   7.10295   7.09953   7.14346   7.18292   7.27368
     498  261.08550464   60.52640940  18.90776  18.80410  18.69002  18.66973  18.64762  18.61902  18.59584  18.59149  18.59019  18.58606  18.58396  18.58191
     499  261.10475770   60.52717646  17.12088  15.87679  15.19628  14.89272  14.62584  14.30839  14.20029  14.05813  14.03301  14.05885  14.05807  14.10027
     500  261.06241997   60.52848149  19.96825  19.72870  19.46237  19.39966  19.33339  19.27025  19.24996  19.22591  19.22416  19.23681  19.24911  19.27945
     501  261.06987104   60.52866116  18.39845  17.60536  16.95955  16.71454  16.48048  16.24744  16.24872  16.09785  16.08601  16.15854  16.21855  16.36494
     502  261.08662395   60.53665703  18.43784  18.27552  18.09735  18.06108  18.02212  17.97937  17.95394  17.94351  17.94204  17.94292  17.94519  17.95316
     503  261.08155480   60.53970180  19.13646  18.59776  18.06313  17.88741  17.71217  17.55289  17.56560  17.46033  17.45460  17.51663  17.57150  17.69803
     504  260.99324095   60.52111519  17.81862  17.35382  16.87026  16.72034  16.56883  16.43376  16.44167  16.35598  16.35166  16.40446  16.45160  16.55986
     505  261.00142135   60.52559252  18.73527  18.20115  17.66941  17.49522  17.32136  17.16356  17.17608  17.07195  17.06632  17.12785  17.18233  17.30789
     506  260.99202881   60.52332168  18.22563  17.04716  16.36257  16.06333  15.79667  15.48794  15.40148  15.25158  15.22850  15.26526  15.27788  15.34432
     507  261.01543980   60.52517881  16.65411  15.78773  15.12465  14.86504  14.62011  14.36930  14.35975  14.20276  14.18892  14.25890  14.31453  14.45495
     508  261.00713192   60.53267718  18.89492  18.26674  17.68262  17.47907  17.27916  17.09196  17.10556  16.98004  16.97235  17.04174  17.10221  17.24330
     509  261.09962611   60.56185158  18.42797  17.75180  17.14610  16.92919  16.71788  16.51653  16.52837  16.39381  16.38499  16.45664  16.51838  16.66383
     510  261.07861691   60.55142666  18.47338  17.28138  16.59742  16.29718  16.03037  15.71975  15.62896  15.48049  15.45699  15.49160  15.50157  15.56323
     511  261.10221868   60.56283062  18.77794  17.64566  16.95977  16.66433  16.39866  16.09676  16.02448  15.87036  15.84870  15.89240  15.91362  15.99545
     512  261.08302761   60.55408442  16.71343  15.99136  15.36791  15.13923  14.91816  14.70389  14.71261  14.57068  14.56070  14.63346  14.69532  14.84274
     513  261.04810599   60.55228407  18.81219  18.67258  18.51982  18.49022  18.45825  18.42105  18.39574  18.38806  18.38665  18.38510  18.38530  18.38858
     514  261.08138766   60.56817752  15.28792  14.40208  13.73532  13.47221  13.22479  12.96953  12.95661  12.79851  12.78413  12.85306  12.90713  13.04517
     515  261.11554120   60.53194987  16.70918  16.23242  15.73992  15.58566  15.43011  15.29108  15.30001  15.21101  15.20647  15.26095  15.30953  15.42111
     516  261.11345581   60.53483273  14.81014  14.35457  13.87809  13.73155  13.58321  13.45121  13.45828  13.37517  13.37100  13.42247  13.46845  13.57405
     517  261.14657929   60.54907986  19.12869  18.70952  18.26253  18.12965  17.99423  17.87436  17.87764  17.80492  17.80134  17.84712  17.88818  17.98258
     518  261.13479984   60.56067269  15.31636  15.03111  14.71404  14.63382  14.54985  14.47328  14.45866  14.42371  14.42167  14.44283  14.46245  14.50901
     519  261.10829507   60.54359193  19.44561  18.99698  18.52592  18.38194  18.23602  18.10633  18.11273  18.03158  18.02753  18.07796  18.12305  18.22660
     520  261.11505589   60.54851490  20.26436  19.86214  19.42976  19.30339  19.17419  19.05996  19.06124  18.99344  18.99011  19.03305  19.07164  19.16045
     521  261.14894183   60.56296780  15.72769  15.51369  15.27649  15.22307  15.16632  15.11025  15.08747  15.06866  15.06702  15.07530  15.08385  15.10587
     522  261.19809746   60.56112122  19.72519  19.41194  19.06510  18.97382  18.87884  18.79359  18.78285  18.74048  18.73820  18.76475  18.78904  18.84595
     523  261.18860057   60.56736985  11.04727  10.84281  10.61653  10.56647  10.51317  10.45964  10.43610  10.41907  10.41747  10.42421  10.43146  10.45059
     524  261.18983768   60.57150671  18.98871  18.55207  18.09061  17.95112  17.80942  17.68372  17.68891  17.61118  17.60732  17.65590  17.69940  17.79931
     525  261.11675291   60.56196213  19.63765  19.46648  19.27829  19.23928  19.19744  19.15249  19.12724  19.11559  19.11410  19.11607  19.11927  19.12933
     526  261.13922879   60.58984504  17.87420  17.67857  17.46243  17.41540  17.36523  17.31403  17.28989  17.27441  17.27284  17.27822  17.28432  17.30087
     527  261.16039670   60.59315354  14.52146  13.32207  12.63850  12.33775  12.07088  11.75924  11.66607  11.51841  11.49469  11.52810  11.53659  11.59560
     528  261.18080429   60.58570732  17.63606  16.82182  16.17045  15.92099  15.68354  15.44520  15.44368  15.29072  15.27831  15.35034  15.40933  15.55450
     529  261.17749830   60.58964366  17.84045  16.89644  16.22074  15.94803  15.69417  15.42630  15.40205  15.24194  15.22589  15.29081  15.33925  15.46826
     530  261.18000030   60.59119700  11.18141  10.84089  10.46630  10.36418  10.25851  10.16457  10.15767  10.10769  10.10514  10.13690  10.16573  10.23273
     531  261.21762595   60.59401705  18.29606  17.96723  17.60438  17.50691  17.40581  17.31562  17.30708  17.26039  17.25796  17.28750  17.31439  17.37708
     532  261.22254751   60.59653400  19.17284  18.96345  18.73152  18.67974  18.62466  18.56982  18.54666  18.52872  18.52710  18.53463  18.54254  18.56315
     533  261.30464132   60.55493357  20.28449  20.18308  20.07134  20.05159  20.03004  20.00199  19.97902  19.97485  19.97355  19.96932  19.96711  19.96482
     534  261.27341604   60.55862387  19.58391  19.35051  19.09114  19.03071  18.96676  18.90535  18.88441  18.86168  18.85996  18.87153  18.88289  18.91117
     535  261.29459259   60.56531023  16.95250  15.79979  15.11430  14.81710  14.55091  14.24592  14.16747  14.01509  13.99281  14.03351  14.05101  14.12621
     536  261.30009470   60.55989547  20.15841  19.95993  19.74051  19.69250  19.64132  19.58938  19.56542  19.54945  19.54787  19.55369  19.56015  19.57752
     537  261.34518789   60.57507468  15.21373  14.89139  14.53517  14.44028  14.34173  14.25361  14.24415  14.19928  14.19691  14.22520  14.25102  14.31130
     538  261.37348691   60.57397565  19.17474  18.70685  18.22095  18.06990  17.91734  17.78124  17.78942  17.70287  17.69849  17.75174  17.79926  17.90839
     539  261.32517521   60.58092128  17.83449  17.33492  16.82611  16.66375  16.50070  16.35415  16.36476  16.26958  16.26463  16.32212  16.37324  16.49078
     540  261.24735246   60.55439693  19.65793  19.26857  18.84763  18.72626  18.60186  18.49190  18.49158  18.42751  18.42436  18.46507  18.50172  18.58615
     541  261.25210670   60.55987737  18.11687  17.70251  17.25959  17.12855  16.99487  16.87660  16.87933  16.80800  16.80449  16.84948  16.88986  16.98269
     542  261.30382936   60.57814437  18.42864  17.82033  17.24612  17.04842  16.85360  16.67243  16.68630  16.56490  16.55768  16.62579  16.68538  16.82397
     543  261.26792917   60.57421245  17.25858  16.06062  15.37697  15.07632  14.80946  14.49802  14.40531  14.25749  14.23381  14.26745  14.27624  14.33576
     544  261.28694973   60.58540517  17.91523  17.27289  16.68207  16.47446  16.27106  16.07962  16.09286  15.96453  15.95652  16.02670  16.08767  16.23029
     545  261.25264629   60.58404461  19.74780  19.52992  19.28828  19.23349  19.17532  19.11820  19.09575  19.07619  19.07454  19.08345  19.09255  19.11579
     546  261.26614842   60.59285898  17.01467  16.82034  16.60569  16.55910  16.50939  16.45853  16.43430  16.41905  16.41748  16.42267  16.42860  16.44478
     547  261.23819223   60.58930330  18.84284  18.45926  18.04357  17.92445  17.80222  17.69418  17.69312  17.63073  17.62766  17.66734  17.70310  17.78554
     548  260.97551338   60.54071551  17.76490  17.49999  17.20521  17.13288  17.05686  16.98638  16.96910  16.93922  16.93731  16.95462  16.97091  17.01010
     549  260.98662968   60.53698466  15.69370  15.21387  14.71912  14.56376  14.40719  14.26714  14.27631  14.18647  14.18188  14.23678  14.28572  14.39813
     550  261.03353487   60.56381769  16.95099  15.95704  15.27599  14.99606  14.73777  14.45988  14.42451  14.26417  14.24666  14.30713  14.34965  14.46873
     551  260.89454232   60.41073501  17.70927  16.81324  16.14468  15.87979  15.63115  15.37360  15.35882  15.20024  15.18556  15.25388  15.30707  15.44373
     552  260.98007927   60.43231113  18.91833  18.35041  17.79822  17.61300  17.42921  17.26061  17.27422  17.16187  17.15553  17.22042  17.27759  17.40980
     553  260.98929940   60.44194443  18.41335  17.50859  16.83858  16.57220  16.32253  16.06306  16.04664  15.88768  15.87276  15.94053  15.99292  16.12833
     554  260.96762638   60.42856645  16.19926  15.45975  14.83027  14.59737  14.37289  14.15386  14.16105  14.01665  14.00623  14.07914  14.14077  14.28839
     555  260.95821505   60.44219921  19.43958  18.90128  18.36691  18.19132  18.01620  17.85705  17.86975  17.76457  17.75886  17.82084  17.87568  18.00213
     556  260.97978023   60.44032736  15.69204  14.37795  13.70449  13.39768  13.13200  12.80646  12.67350  12.54175  12.51443  12.52735  12.51081  12.52427
     557  260.97465643   60.43896766  19.37384  19.16323  18.92990  18.87769  18.82217  18.76701  18.74394  18.72578  18.72415  18.73188  18.73996  18.76094
     558  260.90603529   60.42852793  16.98420  16.55663  16.10261  15.96653  15.82807  15.70540  15.70962  15.63448  15.63077  15.67791  15.72017  15.81724
     559  260.91202201   60.43839488  16.82599  16.54191  16.22609  16.14632  16.06281  15.98659  15.97182  15.93717  15.93513  15.95607  15.97550  16.02164
     560  260.90265608   60.43393248  18.16401  17.43141  16.80428  16.57304  16.34989  16.13274  16.14055  15.99711  15.98687  16.05974  16.12148  16.26905
     561  260.90658496   60.43606694  15.66573  15.41996  15.14659  15.08155  15.01291  14.94800  14.92840  14.90298  14.90119  14.91497  14.92822  14.96068
     562  260.89211114   60.44173995  15.46552  14.76408  14.14827  13.92476  13.70794  13.49940  13.50969  13.37092  13.36147  13.43386  13.49579  13.64258
     563  260.93897934   60.44894993  17.89412  16.81944  16.13390  15.84414  15.58071  15.28815  15.23228  15.07438  15.05447  15.10590  15.13683  15.23584
     564  260.97142457   60.45431099  15.76726  15.53119  15.26880  15.20737  15.14242  15.08026  15.05960  15.03630  15.03457  15.04661  15.05837  15.08754
     565  260.94176522   60.46320866  18.90935  18.61240  18.28275  18.19792  18.10936  18.02920  18.01618  17.97819  17.97605  17.99946  18.02103  18.07190
     566  260.94676356   60.45494537  17.53245  16.56343  15.88479  15.60835  15.35215  15.07917  15.04951  14.88911  14.87234  14.93514  14.98074  15.10502
     567  260.88643200   60.45188655  18.19580  17.58012  17.00217  16.80228  16.60555  16.42214  16.43595  16.31299  16.30560  16.37421  16.43415  16.57371
     568  260.94319561   60.46735642  17.10487  16.83528  16.53532  16.46119  16.38335  16.31149  16.29480  16.26378  16.26185  16.28004  16.29708  16.33795
     569  260.95288978   60.47958669  19.74942  19.37071  18.95948  18.84227  18.72189  18.61545  18.61376  18.55279  18.54978  18.58859  18.62359  18.70433
     570  260.97830763   60.47956185  15.88006  14.68625  14.00238  13.70201  13.43519  13.12432  13.03295  12.88467  12.86112  12.89544  12.90505  12.96606
     571  260.95917407   60.48886746  19.07993  18.74422  18.37442  18.27422  18.17043  18.07803  18.07046  18.02184  18.01933  18.05018  18.07822  18.14345
     572  260.90100330   60.48356318  16.68248  15.76151  15.08898  14.81992  14.56845  14.30545  14.28589  14.12636  14.11097  14.17763  14.22847  14.36139
     573  260.96592213   60.50429093  19.64183  19.29788  18.91989  18.81642  18.70941  18.61435  18.60793  18.55698  18.55439  18.58680  18.61620  18.68445
     574  260.96075800   60.51013425  17.50035  16.75879  16.12862  15.89523  15.67035  15.45077  15.45776  15.31308  15.30260  15.37553  15.43712  15.58474
     575  260.96112378   60.51030480  16.92637  15.72326  15.03990  14.73889  14.47199  14.15985  14.06546  13.91823  13.89439  13.92719  13.93494  13.99259
     576  260.92365342   60.50417708  16.11471  14.70530  14.04552  13.73636  13.47452  13.13993  12.97031  12.85618  12.82583  12.81914  12.77888  12.74870
     577  260.94669000   60.51846730  19.20963  18.86340  18.48317  18.37879  18.27090  18.17510  18.16900  18.11740  18.11478  18.14762  18.17739  18.24648
     578  260.96211795   60.51960449  18.59648  17.75918  17.10229  16.84820  16.60729  16.36333  16.35845  16.20351  16.19048  16.26174  16.31940  16.46276
     579  260.93226695   60.51629808  13.80123  13.58522  13.34570  13.29157  13.23409  13.17746  13.15485  13.13566  13.13401  13.14262  13.15145  13.17411
     580  260.94247597   60.51872755  17.25369  16.66323  16.09845  15.90617  15.71612  15.54046  15.55435  15.43685  15.43002  15.49681  15.55544  15.69142
     581  260.96445968   60.53346435  18.20726  17.37962  16.72498  16.47280  16.23331  15.99169  15.98825  15.83410  15.82133  15.89294  15.95119  16.09537
